0 1610 1579 1332 1194 1542 1327 596 1207 1 0 1424 0 1662 0 1340 1491 2417 2356 2223 1997 2320 1463 1523 797 251 1463 1008 1194 1 2012 1425 2432 1131 1352 1987 1188 0 2098 0 1397 1157 2216 1241 2111 2387 2383 2074 1323 1994 0 1556 691 1 2282 1 1499 1234 1604 1441 1544 1472 903 1515 1787 2383 2161 0 223 219 444 1 0 1103 453 1929 272 0 2117 1541 1074 1 833 2488 1569 1 1026 0 1 997 1667 2201 473 1094 1531 0 0 2004 1 2121 
0 0 0 1 0 1 1 1 0 1 0 0 0 1 0 0 1 0 1 0 1 0 1 1 0 0 0 0 1 0 0 1 0 0 1 0 0 1 0 0 0 0 1 0 0 0 1 0 0 0 0 0 0 0 1 0 0 1 0 0 0 0 0 0 1 0 0 0 0 0 1 0 0 0 0 0 1 1 0 0 1 0 1 0 0 0 1 0 0 0 0 1 0 0 0 1 1 0 1 1 0 1 0 1 0 1 1 0 0 0 0 0 1 1 0 0 1 0 0 1 0 1 0 1 0 1 1 1 0 0 0 0 0 1 1 1 1 0 0 1 0 1 1 0 0 0 0 0 1 0 0 0 1 1 0 0 0 1 0 0 0 0 0 0 0 0 0 0 0 0 0 0 1 0 1 1 0 1 0 0 0 0 1 0 1 0 0 0 0 0 0 0 1 0 0 1 0 1 1 0 0 0 0 0 0 0 0 1 0 0 0 0 0 1 0 0 1 0 0 1 1 0 0 0 1 0 0 1 0 0 0 0 0 0 0 1 1 1 1 1 1 0 0 0 0 0 0 1 1 0 0 0 0 0 0 0 0 0 0 0 1 1 0 0 1 0 0 0 0 1 0 1 0 0 0 0 0 1 0 0 1 0 0 0 
0 2211 2220 1332 1194 1542 1327 596 1207 0 709 3072 0 1662 0 1461 1122 2417 581 2277 2067 2320 1463 1539 797 251 1463 1008 195 202 2599 1425 2244 1131 1352 1987 1188 669 2098 658 1320 1157 2216 1241 2463 2387 2383 2074 1323 1681 0 1648 691 1 2410 506 1499 1234 53 1441 1544 949 0 1515 1787 3076 2161 0 223 0 444 1 0 1103 0 1919 0 0 2117 682 1074 828 1961 2488 1569 57 1026 0 850 0 1198 2201 473 1094 1543 0 294 2004 0 2121 
0 0 0 1 0 1 1 1 0 1 0 0 0 1 0 0 1 0 1 0 1 0 1 1 0 0 0 0 1 0 0 1 0 0 1 1 0 1 0 0 0 0 0 0 0 0 0 0 0 1 1 0 1 0 1 0 1 0 0 0 0 0 0 0 1 0 0 0 0 0 1 0 0 0 0 0 1 1 0 0 1 0 1 0 0 0 1 1 0 0 0 1 0 0 0 1 1 0 1 1 0 1 0 1 0 1 1 0 0 0 0 0 1 1 0 0 1 0 0 1 0 0 0 1 0 1 1 0 1 0 0 0 0 1 1 0 1 0 0 1 0 1 1 0 0 0 0 0 1 0 1 1 0 1 0 0 0 1 0 0 0 0 0 0 0 0 0 0 1 0 0 0 0 0 1 1 0 1 0 0 0 0 1 0 1 0 0 0 0 0 0 0 1 0 0 1 0 1 1 0 0 0 0 0 0 0 0 1 0 0 0 0 0 1 0 0 1 0 0 0 1 0 0 0 1 0 0 1 0 0 0 0 0 0 0 0 0 1 0 1 0 0 0 0 0 0 0 1 1 0 0 0 0 0 0 0 0 0 0 0 1 1 0 0 1 0 0 0 0 1 0 1 0 0 0 0 0 0 1 0 1 0 0 0 
0 1985 2220 1332 1194 1542 1327 596 1207 954 709 3072 0 2267 361 1461 1122 2417 420 2965 2652 2320 766 1539 797 163 1463 1101 0 202 2310 1425 0 557 3042 621 1188 669 0 0 1320 2088 2216 1241 2463 2387 2383 2074 1665 1681 897 1648 0 0 2849 1029 1499 1644 53 1441 1544 0 0 1560 1787 3076 1784 0 0 0 772 219 0 1103 0 1919 0 388 2117 771 1074 828 1961 2488 1569 57 1026 0 0 0 1198 2857 0 1094 0 0 0 2244 0 2121 
0 1 0 0 0 1 1 1 0 1 0 0 0 1 0 0 1 0 1 0 1 0 1 1 0 0 0 0 1 0 0 1 0 0 1 1 0 1 0 0 0 0 1 0 0 0 1 0 0 1 1 0 1 1 1 0 0 0 0 0 0 0 0 0 1 1 0 0 0 0 1 0 0 0 0 0 1 0 0 0 0 0 1 0 0 0 1 0 1 0 0 1 0 0 1 1 1 0 0 1 0 1 0 1 0 1 1 0 0 0 0 0 1 0 1 0 1 0 0 1 0 0 0 1 0 1 1 0 0 1 0 0 0 0 0 0 0 0 0 1 0 1 1 0 0 0 0 0 1 0 0 0 0 0 0 0 0 1 0 0 0 0 0 0 0 0 1 0 1 0 0 0 0 0 1 0 0 1 0 0 0 0 1 0 1 0 0 0 0 1 0 0 1 0 0 1 0 1 1 0 0 0 1 0 0 0 1 1 0 0 1 0 0 1 0 0 0 0 0 0 0 0 0 0 0 0 0 1 0 0 0 0 0 1 0 0 0 1 0 1 0 1 0 0 0 0 0 0 0 0 0 0 0 0 0 0 0 0 0 0 0 1 0 0 1 0 0 0 0 1 0 1 0 0 0 0 0 0 0 0 0 0 0 0 
471 1985 2612 1071 0 1542 1327 204 0 249 1016 3384 0 2267 147 2357 1122 2417 420 2965 2652 2320 0 1217 795 0 1507 1641 2026 0 1166 1425 0 0 2441 621 1188 376 0 0 1320 2088 2823 1241 2463 2387 1168 2074 1665 1681 0 1882 0 655 2849 1728 1846 1644 220 2221 1544 264 52 1560 1787 3076 1784 0 436 0 0 192 0 1103 0 1919 0 0 2117 0 1596 1622 1961 2488 1569 57 1967 363 0 0 1267 2333 0 1094 0 124 0 2244 242 2330 
0 1 0 0 0 1 1 1 0 1 0 0 0 1 0 0 1 0 1 0 1 0 0 0 0 0 0 0 1 0 0 0 0 0 0 1 0 0 0 0 0 0 1 0 0 0 1 0 0 1 1 0 1 0 1 0 0 1 0 0 0 0 0 0 1 0 0 0 1 0 1 0 0 0 0 0 1 1 0 0 0 0 1 0 0 0 1 1 1 0 0 0 0 0 1 1 1 0 1 0 0 0 0 1 0 1 0 0 0 0 0 0 1 0 1 0 1 0 0 0 0 0 0 1 0 1 1 0 0 1 0 0 0 1 1 0 1 0 0 0 0 0 1 0 0 0 0 0 1 0 0 0 0 0 0 0 0 1 0 0 0 0 0 0 0 0 0 0 1 0 0 0 0 0 1 1 0 1 1 0 0 0 1 0 1 0 1 0 0 0 0 0 1 0 0 1 0 1 1 0 0 0 1 0 0 0 1 1 0 0 0 0 0 1 0 0 0 0 0 0 1 0 0 0 0 0 0 1 0 0 0 0 0 0 0 0 1 1 0 1 0 0 0 0 0 0 0 0 1 0 0 0 0 0 1 0 0 0 0 0 0 1 0 0 1 0 0 1 0 1 0 1 0 0 0 0 0 1 0 0 0 0 0 0 
471 1985 2746 900 1511 0 1327 204 0 0 124 2964 0 2267 610 990 0 2417 420 3051 2422 2320 0 558 795 0 587 1641 2026 0 1166 1133 0 0 2441 0 0 376 0 0 1320 2088 3631 1241 2463 2946 1619 2074 1665 1410 0 1882 0 655 2849 0 1846 2127 220 0 1544 805 52 1560 977 3065 1784 834 843 0 0 192 0 1103 0 2107 0 0 2117 0 1596 1622 1961 2488 1569 57 1967 363 0 0 1267 2143 0 1094 98 0 1 2244 0 2330 
0 1 0 0 0 1 0 1 1 1 0 0 0 1 0 0 1 0 1 0 1 0 0 1 0 0 0 0 0 0 0 0 0 0 0 1 0 0 0 0 0 0 0 0 0 0 0 0 0 1 1 0 1 0 1 0 1 0 0 0 0 0 0 0 1 0 0 0 1 0 1 0 0 0 0 0 0 0 0 0 0 0 1 0 0 0 1 1 0 0 0 0 0 0 1 1 1 0 1 0 0 0 0 1 0 1 0 0 0 0 0 0 1 0 1 0 0 0 0 0 0 0 0 1 0 1 1 0 0 1 0 0 0 0 1 0 1 0 0 0 0 0 1 0 0 0 0 0 1 0 0 0 0 0 0 0 0 0 0 0 0 0 0 0 0 0 0 0 1 0 0 0 0 0 1 1 0 1 0 0 0 0 1 0 1 0 1 0 0 0 1 0 1 0 0 1 0 1 1 0 0 1 0 0 0 0 0 1 0 0 0 0 0 0 0 0 0 1 0 0 0 0 0 0 1 0 0 1 0 0 0 0 0 0 0 0 1 1 0 1 1 0 1 0 1 0 0 0 1 0 0 0 0 0 1 0 0 0 0 0 0 1 0 0 1 0 0 1 0 1 0 1 0 0 0 0 1 0 1 0 0 0 0 0 
0 874 2955 900 1511 0 1327 259 0 0 124 2964 1472 2267 0 238 0 2417 0 3051 2422 2766 814 558 0 0 587 1608 0 236 1166 1133 0 0 2162 0 0 376 0 0 1320 1910 3404 1241 2396 2946 559 1998 1279 1410 0 1822 0 791 2849 0 1846 1578 0 0 1544 0 0 1560 453 3065 953 0 0 0 0 192 324 1103 0 2107 0 0 2344 0 1596 1622 1898 2488 1569 57 543 0 0 0 2069 2143 0 1961 0 0 0 0 0 2330 
1 0 0 0 0 1 0 1 1 1 0 0 0 1 0 0 1 0 1 0 1 0 1 1 0 0 0 0 0 0 0 0 0 0 1 1 0 0 0 0 0 0 0 0 0 0 0 0 0 1 1 0 1 1 1 0 0 0 0 1 0 0 0 0 1 0 0 0 0 0 1 0 0 0 0 0 0 0 0 0 0 0 1 0 0 0 0 0 0 0 0 0 1 0 0 1 1 0 0 0 0 1 1 1 0 1 1 0 0 1 0 0 0 0 1 0 0 0 0 0 0 0 0 1 0 0 1 0 0 1 0 0 0 0 0 0 0 0 0 1 0 1 1 0 0 0 0 0 1 0 0 0 0 0 0 0 0 0 0 0 0 0 0 0 0 0 0 0 1 0 0 0 0 0 1 0 0 1 0 1 0 0 1 0 0 0 0 1 0 0 0 0 1 0 0 0 0 1 1 0 0 0 1 0 0 0 1 1 0 0 0 0 0 0 0 0 0 0 1 0 1 0 0 0 0 0 0 1 0 0 0 0 0 0 0 0 0 1 0 1 0 0 0 0 0 0 0 0 0 0 0 0 0 0 0 1 0 0 0 1 0 1 0 0 0 0 0 0 0 1 0 1 0 0 0 0 0 0 0 0 0 0 0 0 
0 164 3272 900 1511 0 1327 259 0 0 124 3021 0 2267 0 1121 0 2810 3 3051 2422 3277 814 0 0 0 1450 1608 0 236 20 1133 178 0 2162 0 0 0 0 0 1320 1954 3404 1241 2396 3077 564 1998 1279 1410 0 2475 0 791 2849 43 2512 1578 0 0 1544 0 0 1560 453 3065 0 0 544 795 0 192 324 1103 0 2107 0 0 2344 0 1596 599 1898 2711 1569 57 543 0 0 0 1909 2143 0 0 0 37 0 768 344 2330 
0 0 0 0 1 1 0 1 1 1 0 0 0 1 0 0 1 0 1 0 1 0 1 1 0 0 0 0 0 0 0 0 0 0 1 0 0 0 0 0 0 0 0 0 0 0 0 0 0 1 1 0 0 1 1 0 0 1 0 0 0 0 0 0 1 0 0 0 0 0 1 0 0 0 0 0 0 0 0 0 0 0 1 0 0 1 1 1 0 0 0 0 0 0 1 1 1 0 0 0 0 1 1 1 0 1 1 0 0 1 0 0 0 0 0 0 0 0 0 0 0 0 0 1 0 0 1 1 0 0 0 0 0 0 0 0 0 0 0 1 0 1 1 0 0 0 0 1 1 0 0 0 1 1 0 0 0 1 0 0 0 0 0 0 0 0 0 0 0 0 0 0 0 0 1 1 0 1 1 0 0 0 1 0 0 0 0 1 0 0 0 0 1 0 0 0 0 1 1 0 0 0 1 0 0 0 0 1 0 0 0 0 0 0 0 0 0 0 1 0 1 0 1 0 0 0 0 0 0 0 0 0 0 0 0 0 0 0 1 1 0 0 0 0 0 0 0 0 1 0 0 0 0 0 0 0 0 0 0 0 0 1 0 0 1 0 0 0 0 1 0 0 0 0 0 0 0 1 0 0 0 0 0 0 
0 164 3272 900 238 0 1327 0 0 0 124 3021 0 2267 0 0 0 2810 3 3003 2422 1911 0 0 0 0 0 1608 0 0 605 0 531 375 2162 0 0 741 0 0 1625 1160 3040 1241 2396 3804 0 1998 1279 1410 0 2475 320 791 2849 0 2512 1578 0 0 1544 0 297 1560 0 2754 0 205 0 291 0 192 324 1001 0 2107 0 0 2506 1453 1596 0 2649 2711 2112 0 543 0 0 0 1909 3165 0 0 31 0 953 0 0 2330 
0 0 0 0 1 1 0 1 1 0 0 0 0 1 0 0 0 1 1 0 1 0 0 1 0 0 0 0 0 0 0 1 0 0 0 0 0 0 0 0 0 0 0 0 0 0 0 0 0 1 1 0 0 1 1 0 1 0 0 0 0 0 0 0 1 0 0 0 0 0 0 0 0 0 0 0 0 0 0 1 0 0 1 0 0 1 1 1 0 0 0 1 0 0 0 1 1 0 0 0 0 1 1 1 0 1 0 1 1 1 0 0 0 0 0 0 0 0 0 0 0 0 0 0 0 0 0 1 0 0 0 1 1 0 0 0 0 0 0 0 0 0 1 0 0 0 0 0 0 0 0 0 1 1 0 0 0 0 1 0 0 0 0 0 0 0 0 0 0 0 0 0 0 0 1 0 0 1 0 0 0 0 1 0 0 0 0 0 1 0 1 0 1 0 0 0 0 0 1 0 0 0 0 0 0 0 1 1 0 0 0 0 0 0 0 0 1 1 1 0 0 0 1 0 1 0 1 0 0 0 0 0 0 1 0 0 0 0 0 0 0 0 0 0 1 0 0 0 0 0 0 0 0 0 0 0 0 0 0 0 0 1 0 0 0 0 0 0 0 0 0 0 0 0 0 0 0 0 1 0 0 0 0 0 
0 164 4142 1510 0 0 1327 0 0 0 1080 3021 0 1042 0 0 878 2810 0 3003 2422 1114 213 0 0 0 0 1608 996 0 605 0 531 0 2162 0 0 0 0 0 1625 721 3040 2101 2269 3804 0 1998 1279 1410 0 2475 0 791 2849 781 2655 1578 0 0 1544 0 297 1560 403 2754 0 0 0 0 0 192 0 1768 0 2107 0 0 3281 1453 1596 0 1747 2711 2112 0 543 0 0 0 2286 3355 0 612 31 0 953 0 0 2330 
0 0 0 0 1 1 0 1 1 0 0 0 0 1 0 0 0 1 1 0 1 0 0 0 0 0 0 0 0 0 0 0 0 0 0 0 0 0 0 0 0 0 0 0 0 0 0 0 0 1 1 0 1 1 1 0 1 0 0 0 0 0 0 0 1 0 0 0 0 0 0 0 0 0 0 0 1 0 0 1 0 0 1 0 0 0 0 0 0 0 0 1 0 0 0 1 1 0 0 0 0 1 1 1 0 1 0 1 0 1 0 0 0 0 0 0 0 0 0 0 0 0 0 0 0 0 0 1 0 0 0 1 0 0 1 0 1 0 0 0 0 0 1 0 0 0 0 0 0 0 0 1 0 1 0 0 0 1 1 0 0 0 0 0 0 0 0 0 0 0 0 0 0 0 1 0 0 1 0 1 0 0 1 0 0 0 0 0 0 0 1 0 1 0 0 0 0 0 1 0 0 0 0 0 0 0 0 1 0 0 0 0 0 0 0 0 0 1 0 0 0 0 0 0 1 0 1 0 0 0 0 0 0 1 0 0 0 0 0 1 1 0 1 0 1 0 0 0 0 0 0 0 0 0 0 0 0 0 0 0 0 1 0 0 0 0 0 0 0 0 0 1 0 0 0 0 0 0 1 0 0 0 0 0 
0 1473 4142 611 368 0 1327 0 623 0 1080 3021 0 0 0 985 0 2810 1090 3003 2377 1114 0 0 0 0 49 1608 1160 0 0 488 0 0 2162 0 421 0 0 0 1268 721 3040 2599 2269 3804 0 1998 1566 1116 0 2475 0 791 2849 781 2655 1578 815 0 318 0 297 1560 403 2754 0 0 120 0 0 192 0 1975 0 2107 0 0 3281 0 1596 0 1747 2406 2306 0 543 1200 0 50 2286 2852 0 612 0 0 953 0 0 2330 
0 0 0 0 1 1 0 1 0 0 0 0 0 1 0 0 1 0 1 0 1 0 0 1 0 0 0 0 0 0 0 0 0 0 0 0 0 1 0 0 0 0 0 0 0 0 0 0 0 1 1 0 1 1 1 0 1 0 0 0 0 0 0 0 0 0 0 0 0 0 1 0 0 0 0 0 0 0 0 1 0 0 1 0 0 0 1 1 0 0 0 1 1 0 0 1 1 0 0 0 0 0 0 1 0 1 0 0 0 0 0 0 0 0 0 0 0 0 0 0 0 0 0 1 0 1 1 0 0 1 0 1 0 1 1 0 1 0 0 0 0 0 0 0 0 0 0 1 1 0 0 0 0 0 0 0 0 1 0 0 0 0 0 0 0 0 0 0 0 0 0 0 0 0 1 1 0 1 0 1 0 1 1 0 1 0 1 0 0 0 1 0 1 0 0 1 0 0 1 0 0 0 0 0 0 0 1 1 0 0 0 0 0 0 0 0 0 1 0 0 0 0 0 0 0 0 0 0 0 0 0 0 0 0 0 0 0 0 0 1 0 0 1 0 0 0 0 1 0 0 0 0 0 0 0 0 0 0 0 0 0 1 0 0 0 0 0 1 0 0 0 1 0 0 0 0 0 0 1 0 0 0 0 0 
778 1473 4142 611 368 0 1327 0 623 0 0 3382 0 0 0 0 0 2810 1705 3003 2377 1689 0 0 0 0 95 2552 1160 0 0 488 0 0 2162 0 379 0 0 0 2055 721 3040 2914 2269 4196 0 1523 1566 1116 0 2475 958 1786 3184 0 2655 2384 1555 0 318 0 0 1560 0 0 0 0 120 0 0 192 777 1070 0 2367 0 0 2583 309 1596 0 1747 2406 2306 0 0 1200 0 0 2286 2852 553 612 0 0 1777 149 0 2289 
0 0 0 0 1 1 0 1 0 0 0 0 0 1 0 0 0 1 1 0 1 0 0 1 0 0 1 0 0 0 0 0 0 0 0 0 0 1 0 0 0 0 0 0 0 0 0 0 0 0 0 0 0 1 1 0 1 0 0 0 0 0 0 0 0 0 0 0 0 0 0 0 0 0 0 0 0 0 0 1 0 0 1 0 0 1 1 1 0 0 0 1 0 0 0 1 1 0 0 0 0 0 0 1 0 1 0 0 0 0 0 0 0 0 0 0 0 0 0 0 0 0 0 1 0 1 1 0 0 0 0 1 0 1 1 1 1 0 0 0 0 0 0 0 0 0 0 1 1 0 0 0 0 0 0 0 0 0 0 0 0 0 0 0 0 0 0 0 0 0 0 0 0 0 1 1 0 1 0 0 0 0 1 0 1 0 1 0 0 0 1 0 1 0 0 1 0 0 1 0 0 0 0 0 1 0 1 1 0 0 0 0 0 0 0 0 0 1 1 0 0 0 1 0 0 0 0 0 0 0 0 0 0 0 0 0 0 0 0 0 0 0 0 0 0 1 0 1 1 0 0 0 0 0 0 0 0 0 0 0 0 1 0 0 1 0 0 1 0 0 0 1 0 0 1 0 0 0 0 0 0 0 0 0 
778 840 4142 0 368 0 1327 0 0 0 0 2729 0 194 0 0 0 2810 1547 3408 3336 2360 132 0 795 0 0 2028 1160 205 0 488 0 0 2162 0 379 0 1501 0 2055 0 3040 1245 2269 4196 0 1523 1566 1116 0 2475 0 0 3264 0 2655 2384 1555 0 318 0 0 1560 402 345 0 254 120 0 0 42 0 1070 0 2367 863 0 2843 309 1596 0 1513 1363 862 0 0 0 345 0 430 2852 0 0 0 0 1777 0 581 2289 
0 1 0 1 0 1 0 1 1 0 0 0 0 1 0 0 0 0 0 0 0 0 1 1 0 0 0 0 0 0 0 0 0 0 0 0 0 0 0 0 0 0 0 0 0 0 0 0 0 0 0 0 0 1 1 0 1 1 0 0 0 0 0 0 1 0 0 0 0 0 0 0 0 0 0 0 0 0 0 1 1 0 1 0 0 0 1 1 0 0 0 1 0 0 0 1 1 0 0 0 0 0 1 1 0 1 0 1 0 1 0 0 0 0 0 0 0 0 1 0 0 0 0 0 0 0 0 0 0 1 0 1 0 1 1 0 1 0 0 1 0 1 0 0 0 0 0 1 1 0 0 0 0 0 0 0 0 0 1 0 0 0 0 0 0 0 0 0 0 0 0 0 0 0 1 1 0 1 0 1 0 0 0 0 1 0 0 0 0 0 0 0 1 0 0 1 0 0 1 1 0 0 0 0 0 0 1 1 0 0 0 0 0 0 0 0 0 0 0 0 0 0 1 0 0 0 0 0 0 0 0 0 0 0 0 0 0 0 0 1 0 0 1 1 1 0 0 1 0 0 0 0 0 0 0 0 0 0 0 0 0 1 0 0 0 0 0 0 0 0 0 0 0 0 0 0 0 0 0 0 0 0 0 0 
0 840 4142 641 569 0 1327 0 0 61 0 2729 0 194 0 0 0 2810 74 3408 2785 2360 132 0 795 0 0 2028 99 0 0 488 0 0 2162 0 379 0 1501 0 2055 0 3045 1245 2269 4420 0 146 1566 0 0 2475 0 0 3264 0 2655 2384 1555 0 0 0 735 1560 402 903 529 254 120 679 534 0 0 954 0 2367 1263 109 2843 309 1501 375 849 1363 0 0 0 0 0 0 796 2852 0 0 699 0 1777 0 581 2289 
0 1 0 1 0 1 0 1 1 0 0 0 0 0 0 0 0 0 1 0 1 0 0 1 0 0 0 0 0 0 0 0 0 0 0 0 0 0 0 0 0 0 1 0 0 0 1 0 0 0 0 0 0 1 1 0 1 1 0 0 0 0 0 0 1 0 0 0 0 0 0 0 0 0 0 0 0 0 0 0 1 0 1 0 0 0 1 1 0 0 0 1 0 0 0 1 1 0 0 1 0 0 1 1 0 1 0 1 0 1 0 0 0 0 0 0 0 0 1 0 0 0 0 0 0 0 0 0 0 1 0 0 0 1 1 0 1 0 1 0 0 0 0 0 0 0 0 0 1 0 0 0 0 0 0 0 0 0 1 0 0 0 0 0 0 0 0 0 0 0 0 1 0 0 0 1 0 0 0 1 0 0 0 0 1 0 0 0 0 0 0 0 1 0 0 1 0 0 0 1 0 0 0 0 0 0 0 0 0 0 0 0 0 0 0 0 0 0 0 0 0 0 1 0 1 0 0 1 0 0 0 0 0 0 0 0 0 1 1 1 1 0 1 1 0 0 0 1 0 0 1 0 0 0 0 0 0 0 0 0 0 1 0 0 0 0 0 0 0 1 0 0 1 0 0 0 0 0 0 0 0 0 0 0 
497 840 4142 641 569 0 1909 0 0 887 0 2729 0 0 0 0 0 2810 74 3408 2317 1532 132 0 235 0 0 2028 639 0 138 0 0 0 1989 0 0 0 1501 0 2055 620 2809 1245 2269 4420 0 146 1566 0 0 2475 1343 0 3264 0 2655 2803 0 0 0 0 0 1258 402 0 0 0 99 0 0 0 0 954 0 2367 7 284 3130 0 1501 375 849 1994 0 0 0 0 0 0 251 2852 0 0 0 0 1777 0 581 2289 
0 1 0 1 0 1 0 1 0 0 0 1 0 0 0 0 0 1 1 0 1 0 0 1 0 0 1 0 0 0 0 0 0 0 0 0 0 0 0 0 0 0 1 0 0 0 1 0 0 0 0 0 0 1 1 0 1 1 0 0 0 0 0 0 0 0 0 0 0 0 0 0 0 0 0 0 0 0 0 1 1 0 0 0 0 0 1 1 0 0 1 0 0 0 0 1 1 0 0 0 1 1 1 1 0 1 0 1 0 1 0 0 0 0 0 0 1 0 0 0 0 0 0 0 0 0 0 0 0 1 0 1 0 0 1 1 1 0 1 0 0 0 1 0 0 0 0 0 0 0 0 0 0 0 0 0 0 0 1 0 0 0 0 0 0 0 0 0 0 0 0 0 0 0 0 1 1 0 0 1 0 0 1 0 0 0 0 0 0 0 0 0 1 0 0 0 0 0 0 1 0 0 0 0 0 0 0 0 0 0 0 0 0 0 0 0 0 0 0 0 0 0 1 0 0 0 0 0 0 0 0 0 0 0 0 0 0 0 0 1 0 0 0 0 0 0 0 0 0 0 0 0 0 0 0 0 0 0 0 0 0 1 0 0 0 0 0 0 0 1 0 0 1 0 0 0 0 0 0 0 0 0 0 0 
1899 840 4142 0 569 0 1909 0 0 280 590 2729 0 0 0 0 0 2810 74 3408 2317 730 0 0 200 0 0 2028 639 456 138 0 553 0 1989 0 0 0 380 0 2055 620 2809 1245 2269 4638 963 146 1566 212 0 2849 1343 0 3418 0 2655 2803 0 0 0 955 0 1258 402 0 0 0 0 0 0 0 43 0 0 2367 480 284 3130 0 1501 375 1510 1768 0 0 853 0 0 0 251 2852 0 0 0 0 2167 0 1262 2378 
0 1 0 1 0 1 0 1 0 1 0 0 0 0 0 0 0 0 0 0 0 0 1 1 0 0 0 0 0 0 0 0 0 0 0 0 0 0 0 0 0 0 1 0 0 0 1 0 0 1 1 0 0 0 1 0 1 1 0 0 0 0 0 0 0 0 0 0 0 0 0 0 0 0 0 0 0 0 0 1 1 0 0 0 0 1 1 1 0 0 1 0 0 0 0 1 1 0 1 0 0 1 1 1 0 1 0 1 0 1 0 0 0 0 0 0 1 0 1 0 0 0 0 0 0 0 0 1 0 0 0 0 0 0 1 1 1 0 1 0 0 1 1 0 0 0 0 0 0 0 0 1 0 1 0 0 0 0 0 0 1 0 0 0 0 0 0 0 0 0 0 0 0 0 0 0 1 0 0 1 0 0 1 0 0 0 0 0 0 0 0 0 1 0 0 0 0 0 1 1 0 1 0 0 0 0 1 1 0 0 0 0 0 0 0 0 1 0 0 0 0 0 0 0 0 0 0 0 0 0 0 0 0 0 0 0 0 0 0 1 0 0 0 0 0 0 0 0 0 0 0 0 0 0 0 0 0 0 0 0 0 1 0 0 0 0 0 0 0 1 0 0 0 0 0 0 0 0 1 0 0 0 0 0 
1424 840 4142 705 569 0 2349 0 181 280 47 1318 0 800 0 0 0 2810 475 3408 2317 6 0 974 0 0 0 2028 639 456 138 0 103 297 1989 0 0 0 0 0 2055 620 2809 1245 2269 5000 815 792 0 212 0 2888 0 0 3418 0 3154 2803 0 0 0 955 0 1258 0 0 82 0 0 0 0 0 43 0 0 2367 480 284 3342 0 1501 378 308 1768 0 0 0 0 0 0 803 2852 0 13 0 0 2958 0 773 2378 
1 0 1 0 0 1 0 1 1 1 0 0 0 0 0 0 0 1 1 0 1 0 1 1 0 0 0 0 0 0 0 1 0 0 0 0 0 1 0 0 0 0 1 0 0 0 1 0 0 1 1 0 1 0 1 0 1 1 0 0 0 0 0 0 0 0 0 0 0 0 0 0 0 0 0 0 0 0 0 1 0 0 0 0 0 1 1 1 0 0 1 0 0 0 0 1 1 0 1 0 0 1 1 1 0 1 0 1 0 1 0 0 0 0 1 0 0 0 0 0 0 0 0 0 0 0 0 1 0 0 0 0 0 0 1 0 1 0 1 0 0 1 1 0 0 0 0 0 0 0 0 0 0 1 0 0 0 0 0 0 1 0 0 0 0 0 0 0 0 0 0 0 0 0 0 0 1 0 0 1 0 0 1 0 0 0 0 0 0 0 0 0 1 0 0 0 0 0 1 0 0 0 0 0 0 0 1 1 0 0 0 0 0 0 0 0 0 0 0 0 0 0 0 0 0 0 0 1 0 0 0 0 0 0 0 0 0 1 0 0 0 0 0 0 0 0 0 0 0 0 0 0 0 0 0 0 0 0 0 0 0 1 0 0 0 0 0 0 0 1 0 1 0 0 0 0 0 0 0 0 0 0 0 0 
1424 783 4142 705 569 0 2349 0 914 280 47 1318 0 1291 0 22 0 2810 65 3408 2317 869 0 974 0 0 0 1819 234 0 0 0 717 0 1219 0 596 0 0 0 2055 1076 2809 1245 2697 5000 0 0 0 212 0 3183 0 0 3418 0 3154 2803 0 0 0 0 0 1260 0 0 82 0 0 0 970 0 0 0 0 2367 0 284 2247 136 1501 378 308 1768 0 252 0 0 0 0 0 2910 0 249 905 0 2958 808 773 2378 
1 0 1 0 0 1 0 1 1 0 0 1 0 0 0 0 1 0 1 0 1 0 0 1 0 0 0 0 0 0 0 0 0 0 0 0 0 1 0 0 0 0 1 0 0 0 1 0 0 1 1 0 1 0 1 0 1 1 0 0 0 0 0 0 0 0 0 0 0 0 1 0 0 0 0 0 0 0 0 0 0 0 0 1 0 0 1 1 0 0 0 1 0 0 1 1 1 0 0 1 0 0 1 1 0 1 0 1 0 1 0 0 0 0 1 0 0 0 0 0 0 0 0 0 0 0 0 1 0 0 0 0 1 1 1 0 1 0 1 0 0 0 0 0 0 0 0 0 0 0 0 0 0 1 0 0 0 0 0 0 0 0 0 0 0 0 0 0 0 0 0 0 0 0 0 0 0 0 0 1 0 0 1 1 0 0 0 0 0 0 0 0 1 0 0 0 0 0 0 0 0 0 0 0 0 0 1 1 0 0 0 0 0 0 0 0 0 0 0 0 0 0 0 0 1 0 0 1 0 0 0 0 0 0 0 0 0 1 0 0 0 0 0 0 0 0 0 0 0 0 0 0 0 0 0 0 0 0 0 0 0 1 0 0 1 0 0 0 0 0 0 1 0 0 0 0 0 1 0 0 0 0 0 0 
1424 783 4142 1458 263 0 2349 0 1742 0 0 1521 0 1291 0 22 0 1990 65 3351 2206 869 0 974 789 1151 0 1819 837 0 893 0 1341 0 2429 0 596 0 0 0 2313 1904 2149 1245 2697 5000 0 0 0 212 0 3183 0 0 3418 0 3154 2803 938 0 0 1217 30 1260 0 0 82 0 0 0 970 0 5 0 0 2367 0 0 2247 0 1359 378 931 2311 0 252 0 0 0 0 3 2910 0 249 905 0 2958 1418 773 1462 
0 1 0 0 0 1 0 1 1 0 0 1 0 0 0 0 1 0 1 0 1 0 0 1 0 0 0 0 0 0 0 0 0 0 0 0 0 1 0 0 0 0 0 0 0 0 0 0 0 0 0 0 0 0 1 0 1 1 0 0 0 0 0 0 0 0 0 0 0 0 1 0 0 0 0 0 0 0 0 0 0 0 0 1 0 1 1 1 0 0 0 0 0 0 1 1 1 0 1 1 0 1 0 1 0 1 0 1 0 1 0 0 1 0 1 0 1 0 0 0 0 1 0 0 0 0 0 1 0 0 0 1 1 1 1 0 1 0 0 0 0 0 1 0 0 0 0 0 0 0 0 0 0 1 0 0 0 0 0 0 0 0 0 0 0 0 0 0 0 0 0 0 0 0 0 0 0 0 0 1 0 0 1 0 1 0 0 0 0 0 0 0 1 0 0 1 0 0 0 0 0 0 0 0 0 0 1 1 0 0 0 0 0 0 0 0 0 0 0 0 0 0 1 0 1 0 0 1 0 0 0 0 0 0 0 0 1 1 0 0 0 0 0 0 0 0 0 0 0 0 0 0 0 0 0 0 0 0 0 0 0 1 0 0 1 0 0 0 0 1 0 1 0 1 0 0 0 1 0 0 0 0 0 0 
2907 0 4142 389 881 0 2349 0 0 0 0 227 0 1291 0 0 0 2716 65 3351 2206 869 0 974 789 1827 0 2107 0 0 885 675 0 0 2167 0 0 0 941 878 2058 1904 2149 1245 2826 5000 0 0 0 198 0 2789 0 0 3418 0 3154 2803 0 0 464 1217 30 1260 0 0 0 0 0 0 1506 0 0 0 0 1870 0 0 2454 0 1848 378 931 2311 0 252 0 743 558 0 0 2910 534 0 58 0 2958 1418 773 1859 
0 0 0 1 0 1 0 1 1 0 0 0 0 1 0 0 0 0 1 0 1 0 0 1 0 0 0 0 0 0 0 0 0 0 0 0 0 0 0 0 0 0 0 0 0 0 0 0 0 0 0 0 0 0 1 0 1 1 0 0 0 0 0 0 0 0 0 0 0 0 0 0 0 0 0 0 0 0 0 0 1 0 0 0 0 0 1 1 0 0 1 0 0 0 1 1 1 0 1 1 0 0 1 1 0 1 0 1 0 1 0 0 1 1 1 0 1 0 0 1 0 1 0 0 0 0 0 0 1 0 1 0 1 0 1 0 1 0 0 0 0 0 1 0 0 0 0 0 1 0 0 0 0 0 0 0 0 0 0 0 0 0 0 0 0 0 0 0 0 0 0 1 0 0 1 0 0 0 0 1 0 0 1 0 0 0 1 0 0 0 0 0 1 0 0 0 0 0 0 0 0 0 0 0 0 0 1 1 0 0 0 0 0 0 0 0 0 0 0 0 0 0 1 0 1 0 0 0 0 0 0 0 0 0 0 0 1 0 0 0 0 0 0 0 0 0 0 0 0 0 0 0 0 0 0 0 0 0 0 0 1 1 0 0 1 0 0 1 0 0 0 1 0 1 0 0 0 1 0 0 1 0 0 0 
1029 0 4142 0 881 0 3112 0 0 79 0 227 0 1291 739 0 0 2716 0 3351 2206 869 0 708 1500 1827 0 2107 415 0 0 0 514 0 2167 0 0 0 1482 1642 2058 649 2149 1245 3604 5000 0 766 0 0 0 2789 599 0 3418 0 2259 2345 0 336 464 1217 0 1260 47 0 924 0 689 0 1506 0 0 0 0 1870 0 311 3228 0 1848 168 37 2240 0 0 0 1505 0 0 0 2910 1116 0 58 0 2958 1418 1404 1859 
0 0 0 1 0 1 0 1 1 0 0 0 0 1 0 0 0 0 0 0 0 0 0 1 0 0 0 0 0 0 0 0 0 0 0 0 0 0 0 0 0 0 0 0 1 0 1 0 0 0 0 0 0 0 1 0 1 1 0 0 0 0 0 0 0 1 0 0 0 0 0 0 0 0 0 0 0 0 0 0 1 0 0 0 0 0 0 0 0 0 1 0 0 0 1 1 1 0 1 1 0 0 1 1 0 1 0 1 0 1 0 0 1 1 0 0 1 0 0 0 1 0 1 0 0 0 0 0 1 0 0 0 0 0 1 1 1 0 1 0 0 0 0 0 0 0 0 0 0 0 1 1 0 1 0 0 0 0 0 0 0 0 0 0 0 0 0 0 0 1 0 0 0 0 1 1 0 0 0 1 1 0 1 0 0 0 1 0 0 0 0 0 1 0 0 0 0 0 0 1 0 0 0 0 0 0 0 0 0 0 0 0 0 1 0 0 0 0 0 0 0 0 1 0 1 0 0 1 0 0 0 0 0 0 0 0 0 1 0 1 1 0 0 0 0 0 0 0 1 0 0 0 0 0 0 0 0 0 0 0 1 1 0 0 1 0 0 1 0 0 0 1 0 0 0 0 0 0 0 0 0 0 0 0 
916 0 4142 0 127 0 1874 0 327 0 0 227 0 0 0 0 0 3211 0 2448 2206 413 0 708 0 1827 699 2107 0 0 0 0 514 41 2167 0 0 0 1540 584 2058 649 490 1623 3383 5000 0 0 562 0 0 2789 599 0 3418 453 2259 2345 0 0 0 1217 0 2002 47 0 924 0 0 208 687 0 0 0 438 1857 0 0 3228 357 1848 168 0 2240 933 0 301 1827 1 0 0 2806 325 371 0 0 2958 186 1404 1504 
0 0 1 1 0 1 0 1 0 0 0 1 0 0 0 1 0 0 0 0 0 0 0 1 0 0 0 0 0 0 0 1 0 0 0 0 0 1 0 0 0 0 0 0 0 0 0 0 0 0 0 0 0 0 1 0 1 1 0 0 0 0 0 0 0 0 0 0 0 0 0 0 0 0 0 0 0 0 0 0 1 0 0 0 0 0 0 0 0 0 1 1 0 0 1 1 1 0 1 1 0 0 1 1 0 1 1 0 0 1 0 0 0 1 1 0 0 0 0 0 1 0 1 1 0 0 0 0 1 0 1 0 0 0 0 0 0 0 0 0 0 0 0 0 0 0 0 0 0 0 1 0 1 1 0 0 0 1 0 0 0 0 0 0 0 0 0 0 0 0 0 1 0 0 0 0 0 1 0 1 0 0 1 0 0 0 1 0 1 0 0 0 0 1 0 0 0 0 0 1 0 1 0 0 0 0 0 0 0 0 0 0 0 0 1 0 1 0 0 0 0 0 0 0 1 0 0 1 0 0 0 0 0 0 0 0 0 1 1 1 1 0 0 0 0 0 0 0 0 0 0 0 0 0 0 0 0 0 1 0 1 1 0 0 1 0 0 1 0 0 0 0 0 0 0 0 0 0 1 0 1 0 0 0 
159 685 4142 1693 1016 0 1874 0 751 0 0 0 23 0 0 637 0 2674 934 2448 2206 366 0 0 0 1880 961 2107 955 0 0 0 514 41 2167 0 0 0 1693 584 2208 0 490 1959 2163 5000 0 0 2193 0 0 3006 0 0 3418 0 3217 2345 913 0 0 541 217 2002 0 0 574 0 0 208 0 0 0 0 859 1857 0 256 3228 0 1848 0 0 1900 1033 310 0 1827 1 559 0 2806 325 371 0 0 2958 0 2560 1504 
0 0 1 1 0 1 0 1 0 0 0 1 0 0 0 1 1 0 1 0 1 0 0 1 0 0 0 0 0 0 0 1 0 0 0 0 0 0 1 0 0 0 0 0 0 0 0 0 0 0 0 0 0 0 0 0 0 0 0 1 0 0 0 0 0 0 0 0 0 0 0 0 0 0 0 0 0 0 0 1 1 0 0 0 0 0 1 1 0 0 1 0 0 0 0 1 1 0 1 0 0 0 0 1 0 1 1 0 0 0 0 0 0 0 0 0 0 0 0 0 1 1 0 1 0 1 0 0 1 0 0 0 1 0 1 0 1 0 1 0 0 0 0 0 0 0 0 0 0 0 1 0 1 1 0 0 0 0 0 0 0 0 0 0 0 0 0 0 0 0 0 0 1 0 0 0 0 1 0 1 0 0 0 0 1 0 1 0 0 0 0 0 0 1 0 1 0 0 0 1 0 1 0 0 0 0 0 0 0 0 0 0 0 0 0 0 0 0 0 0 0 0 0 0 1 0 0 1 0 0 0 0 0 0 0 1 1 1 0 0 0 0 0 0 0 0 0 0 0 0 0 0 0 0 0 0 0 0 0 0 1 1 0 0 0 0 0 1 0 0 0 0 1 1 0 0 1 1 0 0 1 0 1 0 
0 0 4486 1693 0 0 1874 0 751 0 0 181 0 0 457 637 0 2674 0 3345 2206 0 0 0 0 2863 961 2107 976 902 0 0 0 0 2167 0 0 0 1928 0 2208 0 490 1959 2163 5000 0 0 2193 0 0 3006 0 0 4024 0 2324 2345 145 245 0 541 0 2002 0 0 574 0 0 208 0 0 0 0 859 1857 0 256 3228 714 1253 0 165 1900 1033 310 0 2134 0 348 0 2806 0 371 0 0 0 139 575 1504 
0 0 1 1 0 0 0 0 0 0 0 0 0 0 0 1 1 0 1 0 1 0 0 0 0 0 0 0 0 0 0 0 1 0 0 0 0 1 0 0 1 0 0 0 0 0 0 0 0 0 0 0 0 0 1 0 0 1 0 0 0 0 0 0 0 1 0 0 0 0 0 0 0 0 0 0 0 0 0 0 1 0 0 0 0 0 1 1 0 0 1 1 0 0 1 1 1 0 1 0 0 0 0 0 0 0 1 0 0 0 0 0 0 0 0 0 0 0 0 0 1 0 1 1 0 1 0 1 0 0 0 0 0 0 1 0 1 0 1 1 0 0 0 0 0 0 0 0 0 0 0 0 1 1 0 0 0 0 0 0 0 0 0 0 0 0 0 0 0 1 0 0 1 0 0 0 0 1 0 1 0 0 0 0 1 0 1 0 0 0 1 0 1 0 0 1 0 0 0 1 0 1 0 0 0 0 0 0 0 0 0 0 0 1 0 0 0 0 0 0 0 0 1 0 0 0 0 1 0 0 0 0 0 0 0 0 0 1 0 0 0 0 0 0 0 0 0 0 0 0 0 0 0 0 0 0 0 0 1 0 0 1 0 0 1 0 0 1 0 0 0 1 1 0 1 0 0 1 0 0 0 0 0 0 
509 0 4486 188 0 0 1874 0 751 0 0 452 0 0 457 637 0 2266 341 3345 2206 0 0 0 0 2774 961 871 976 902 294 0 0 0 2167 0 0 0 1928 0 2208 72 490 1511 2957 5000 0 0 2193 0 0 3006 0 0 4024 0 2007 2345 145 106 0 541 0 2926 0 0 574 0 0 208 247 0 0 0 859 1810 0 256 3228 1214 1253 0 165 1900 1205 450 0 2134 0 0 0 2506 0 631 233 0 0 139 0 1504 
0 0 1 1 0 0 0 0 0 0 0 0 0 0 0 1 1 0 1 0 1 0 0 0 0 0 0 0 0 0 0 0 1 0 0 0 0 1 0 0 1 0 0 0 0 0 0 0 0 0 0 0 0 0 1 0 0 0 0 0 0 0 0 0 0 1 0 0 0 0 1 0 0 0 0 0 0 0 0 0 1 0 0 0 0 0 1 1 0 0 1 1 0 0 1 1 1 0 1 1 0 0 0 0 0 0 1 0 0 0 0 0 0 0 0 0 0 0 0 0 1 0 1 1 0 1 0 1 0 0 0 0 1 0 1 0 1 0 1 1 0 0 1 0 0 0 0 0 0 0 0 0 1 1 0 0 0 0 0 0 0 0 0 0 0 0 0 0 0 1 0 0 0 0 0 0 0 1 0 1 0 0 1 0 1 0 1 0 0 0 1 0 1 0 0 1 0 0 0 0 0 1 0 0 0 0 0 0 0 0 0 0 0 1 0 0 0 0 0 0 0 0 1 0 1 0 0 1 0 0 0 0 0 0 0 0 0 1 0 0 0 0 0 0 0 0 0 0 0 0 0 0 0 0 0 0 0 0 1 0 0 1 0 0 1 0 0 1 0 0 0 1 0 1 0 0 1 0 0 0 0 0 0 0 
418 1072 4486 115 447 853 1874 576 751 691 0 242 1370 0 457 0 337 2266 619 3768 1972 0 0 0 0 2389 961 871 976 0 294 603 0 0 2154 0 581 0 1928 99 2208 25 490 1511 2957 5000 0 0 2193 1115 0 3006 203 0 4024 0 2007 2345 395 240 491 1709 1093 1453 0 0 0 0 93 443 247 201 0 0 0 1810 0 0 3228 1414 1253 0 165 1900 1205 0 0 1382 0 0 195 2506 0 379 233 0 0 139 0 1504 
0 0 1 1 0 1 1 1 0 0 0 0 0 1 0 0 0 0 1 0 1 0 0 1 0 0 0 0 0 0 0 0 0 0 1 0 0 1 1 0 1 0 1 0 1 0 0 0 0 0 0 0 0 0 1 0 0 0 0 0 0 0 0 0 0 1 0 0 1 0 0 0 0 0 0 0 1 1 0 0 1 0 0 0 0 0 1 0 0 0 0 1 0 0 0 1 1 0 1 1 0 0 0 0 0 0 1 0 0 0 0 0 0 0 0 0 0 0 0 1 0 0 0 1 0 1 0 0 1 0 0 1 1 1 1 1 1 0 0 0 0 0 1 0 0 0 0 0 1 0 1 0 1 1 0 0 0 0 0 0 0 0 0 0 0 0 0 0 0 1 0 0 0 0 1 1 0 1 0 0 1 0 1 0 1 0 1 0 0 0 1 0 1 0 0 1 0 0 0 0 0 0 0 0 0 0 1 1 0 0 0 0 0 1 0 0 0 0 0 0 0 0 1 0 1 0 0 0 0 0 0 0 0 0 0 0 1 0 0 0 0 0 0 0 0 0 0 1 1 0 0 0 0 0 0 0 0 0 0 0 0 1 0 0 1 0 0 1 0 0 0 1 0 1 0 0 0 0 0 0 0 0 0 0 
418 1072 3562 115 447 692 1874 576 751 542 413 242 0 0 139 0 0 1663 619 3768 1972 0 0 0 0 2389 961 871 976 0 0 603 0 659 2512 1021 653 0 1928 0 2208 989 490 1881 2806 5000 0 344 2193 0 0 2864 0 1396 4024 0 2007 2345 395 240 781 448 0 902 0 0 0 0 886 0 247 201 0 0 0 1810 302 0 2864 0 1253 0 165 1900 1205 0 0 1382 0 0 0 3031 0 379 218 0 674 738 0 1504 
0 0 1 1 0 1 1 1 0 0 0 0 0 1 0 0 0 0 1 0 1 0 0 1 0 0 0 0 0 0 0 1 0 0 1 0 0 1 0 0 1 0 1 0 0 0 0 0 1 0 1 0 1 0 1 0 1 0 0 0 0 0 0 0 0 1 0 0 0 0 0 0 0 0 0 0 0 0 0 0 1 0 0 0 0 0 1 1 0 0 1 0 0 0 1 1 1 0 1 1 0 0 0 0 0 0 1 0 0 0 0 0 0 0 0 0 0 0 0 1 0 0 1 1 0 1 0 1 0 0 0 0 1 1 1 0 1 0 0 0 0 0 0 0 0 0 0 0 1 0 0 0 0 1 0 0 0 0 0 0 0 0 0 0 0 0 0 0 0 1 0 0 0 0 1 1 1 1 0 0 1 0 1 0 1 0 1 0 0 0 1 0 1 0 0 1 0 0 0 0 0 1 0 0 0 0 0 0 0 0 0 0 0 1 0 0 0 0 0 0 0 0 0 0 1 0 0 0 0 0 0 0 0 0 0 0 0 0 0 0 0 0 0 0 0 0 0 0 1 0 0 0 0 0 0 0 0 0 0 0 0 1 0 0 1 0 0 1 0 0 0 1 0 1 0 0 0 0 0 0 0 0 0 0 
398 1072 3562 0 1029 1595 1720 576 219 393 62 1078 0 0 0 0 153 1663 1393 3768 1972 0 0 0 0 2389 961 871 976 0 0 328 0 0 2512 1235 1287 0 1928 0 2208 1740 490 1881 2806 5000 0 344 2193 358 0 2910 0 1346 3889 0 1528 2348 941 240 781 15 0 1376 0 0 597 0 0 0 247 388 457 689 0 2660 302 0 2864 0 1253 43 165 1900 1205 0 0 2015 0 0 0 3031 0 1417 29 0 192 1507 0 1504 
0 0 1 1 0 1 1 1 0 0 0 0 0 1 0 0 0 0 0 0 0 0 0 1 0 0 0 0 0 0 1 0 0 0 1 0 0 1 0 0 1 0 1 0 0 0 1 0 0 1 1 0 1 0 1 0 1 0 0 0 0 0 0 0 0 0 0 0 0 0 0 0 0 0 0 0 1 1 0 0 1 0 0 0 0 1 1 1 0 0 0 0 0 0 1 1 1 0 1 1 0 0 0 0 0 0 1 0 0 0 0 0 0 0 0 0 0 0 0 1 0 0 1 1 0 1 1 0 0 0 0 0 1 1 1 0 1 0 0 0 0 0 0 0 0 0 0 0 1 0 0 0 0 0 0 0 0 0 0 0 0 0 0 0 0 0 0 0 0 1 0 0 0 0 1 0 1 1 0 0 1 0 1 0 1 0 1 0 0 0 1 0 1 0 0 1 0 0 1 0 0 0 0 0 0 0 1 1 0 0 0 0 0 1 0 0 0 0 0 0 0 0 0 0 1 0 0 1 0 0 0 0 0 0 0 0 0 1 0 0 0 0 0 0 0 0 0 0 0 0 0 0 0 0 1 0 0 0 0 0 0 1 0 0 1 0 0 1 0 0 0 1 0 0 0 0 0 0 0 0 0 0 0 0 
0 1072 3562 820 1029 277 1720 576 219 615 62 536 146 0 4 0 153 1663 716 4282 1972 0 0 0 0 2389 961 906 160 0 0 795 45 0 2512 1235 1287 398 1928 0 2194 1725 490 1881 2331 5000 0 0 2193 358 0 2910 0 1631 3889 0 1528 2689 31 382 969 0 0 1376 0 0 118 0 893 0 0 0 1202 0 0 2660 0 0 2864 0 1102 43 501 1997 1205 0 0 1294 0 947 1372 3002 0 1417 29 0 0 1507 0 1504 
0 0 1 1 0 1 1 1 0 0 0 0 0 1 0 0 0 0 1 0 1 0 0 1 0 0 0 0 0 0 0 0 0 0 1 1 0 1 1 0 1 0 1 0 0 0 1 0 0 1 1 0 1 1 1 0 0 0 0 0 0 0 0 0 0 1 0 0 0 0 0 0 0 0 0 0 1 0 0 0 1 0 0 0 0 1 1 1 0 0 0 0 0 0 1 1 1 0 0 0 0 0 0 0 0 0 1 0 0 0 0 0 0 0 0 0 0 0 0 1 0 0 0 1 0 1 0 1 0 0 0 0 1 1 1 0 1 0 0 0 0 0 0 0 0 0 0 0 1 0 0 0 0 1 0 0 0 0 0 0 0 0 0 0 0 0 0 0 0 1 0 0 1 0 1 1 0 1 0 0 1 0 1 0 1 0 1 0 0 0 0 0 1 0 0 1 0 0 0 0 0 0 0 0 0 0 1 1 0 0 0 0 0 1 0 0 0 0 0 0 0 0 0 0 1 0 0 1 0 0 0 0 0 0 0 0 0 1 0 0 0 0 0 0 0 0 0 0 1 0 0 0 0 0 0 0 0 0 0 0 0 1 0 0 1 0 0 1 0 1 0 1 0 0 0 0 0 0 0 0 0 0 0 0 
0 1072 3404 820 0 277 1720 0 219 0 62 0 146 0 4 0 153 1547 716 3334 1994 541 0 0 0 2389 961 1310 160 0 0 0 0 69 2512 928 804 398 1770 0 2194 1795 490 1881 2331 5000 0 0 2193 358 0 2910 0 1631 3889 0 1907 2689 0 382 192 0 0 1152 0 0 118 0 893 0 0 0 615 0 0 2660 0 0 2864 1375 1102 282 0 1997 820 0 0 1294 0 947 1372 2725 0 1417 825 0 0 2145 0 1504 
0 0 1 1 0 1 1 1 0 0 0 0 0 1 0 0 0 0 1 0 1 0 0 0 0 0 0 0 0 0 0 1 0 0 0 0 0 0 1 0 0 0 0 0 0 0 0 0 0 1 1 0 1 0 0 0 0 0 0 1 0 0 0 0 0 1 0 0 0 0 0 0 0 0 1 0 1 0 0 0 1 0 0 0 0 1 1 1 0 0 1 1 0 0 0 1 1 0 0 0 0 0 1 1 0 1 1 0 1 1 0 0 0 0 0 0 0 0 0 0 0 0 1 1 0 0 0 0 0 0 0 1 1 1 1 0 1 0 0 0 0 0 0 0 0 0 0 0 0 0 0 0 0 0 0 0 0 0 0 0 0 0 0 0 0 0 0 0 0 1 0 0 1 0 1 1 0 1 0 0 1 0 1 0 0 0 1 0 0 0 0 0 0 1 0 0 0 0 0 0 0 0 0 0 0 0 1 1 0 0 0 0 0 1 0 0 0 0 0 0 0 0 0 0 1 0 0 1 0 0 0 0 0 0 0 0 0 1 0 0 0 0 0 0 0 0 0 1 1 0 0 0 0 0 0 0 0 0 0 0 0 1 0 0 1 0 0 1 0 1 0 0 0 0 0 0 0 0 0 0 0 0 0 0 
862 1072 3144 379 812 0 2360 0 0 461 569 0 1219 0 4 0 153 1547 15 3334 1994 0 107 0 0 2389 253 1310 0 0 0 0 0 69 2512 928 0 398 1747 0 2194 0 490 1881 2331 5000 700 0 2193 84 0 2910 0 2365 3889 0 1896 2360 0 709 55 246 0 1152 0 569 118 0 0 0 0 0 615 231 0 2660 0 952 3066 68 1102 282 0 1997 820 0 0 1294 0 947 1973 2725 0 1417 825 0 0 2145 0 1504 
0 0 1 1 0 1 0 1 0 1 0 0 0 1 0 0 0 0 1 0 1 0 0 1 0 0 0 0 0 0 0 1 0 0 0 0 0 0 0 0 0 0 1 0 0 0 1 0 0 1 1 0 1 0 0 0 0 0 0 1 0 0 0 0 0 1 0 0 0 0 0 0 0 0 0 0 1 1 0 0 1 0 1 0 0 1 1 1 0 0 0 1 0 0 1 1 1 0 1 0 0 0 0 0 0 0 1 0 1 1 0 0 0 0 0 0 0 0 0 0 0 0 1 1 0 0 1 0 0 0 0 1 1 0 0 0 0 0 0 0 0 0 0 0 0 0 0 0 0 0 0 0 0 0 0 0 0 0 0 0 0 0 0 0 0 0 0 0 0 1 0 0 1 0 1 0 0 1 0 0 0 0 0 1 0 0 1 0 0 1 0 0 0 1 0 0 1 1 0 0 0 0 0 0 0 0 1 1 0 0 0 0 0 1 0 0 0 0 0 0 0 0 0 0 1 0 0 1 0 0 0 0 0 1 0 0 0 1 0 0 0 1 0 0 0 0 0 0 0 0 0 0 0 0 0 0 0 0 0 0 0 1 0 0 1 0 0 1 0 1 0 0 0 0 0 0 0 0 0 0 0 0 0 0 
862 626 3144 421 812 0 2360 0 0 942 911 0 1219 0 0 0 153 1547 15 3334 1994 367 107 0 0 2004 53 1310 0 0 0 0 0 1290 2512 1035 30 350 1747 68 2862 0 490 1881 2331 5000 0 0 2193 920 764 2910 0 776 3889 76 1896 2360 0 709 55 246 0 1254 0 569 0 0 0 0 0 513 0 231 0 2534 0 2 3066 0 1102 0 0 1263 820 0 0 1294 0 401 1973 2725 0 1275 0 0 0 1602 0 1504 
0 0 1 1 0 1 0 1 0 0 0 0 0 1 0 0 0 0 1 0 1 0 0 1 0 0 0 0 0 0 0 1 0 0 0 0 0 0 0 0 0 0 1 0 1 0 0 0 0 1 1 0 1 0 0 0 0 0 0 1 0 0 0 0 0 0 0 0 0 0 0 0 0 0 0 0 1 1 1 0 1 0 1 0 0 0 1 1 0 0 1 0 0 0 1 1 1 0 1 0 0 0 1 1 0 1 1 0 1 1 0 0 0 0 0 0 0 0 0 0 0 0 1 1 0 0 1 0 1 0 0 1 0 0 0 0 0 0 0 0 0 0 0 0 0 0 0 0 0 0 0 0 0 0 0 0 0 1 0 0 0 0 0 0 0 0 1 0 0 1 0 0 1 0 1 0 0 1 0 1 0 0 0 0 0 0 1 0 0 1 1 0 0 1 0 0 0 0 0 0 0 0 0 0 0 0 1 1 0 0 0 0 0 1 0 0 0 0 0 0 0 0 0 0 0 0 1 0 0 0 0 0 0 0 0 0 0 0 0 0 0 0 0 0 0 0 0 0 0 0 0 0 0 0 0 0 0 0 0 0 0 1 0 0 1 0 0 1 0 0 0 0 0 0 1 0 0 0 0 0 0 0 0 0 
862 626 2680 139 1091 0 2360 0 0 808 911 0 0 0 0 0 153 1547 179 3111 1994 367 107 0 0 2004 53 680 535 836 19 0 0 1290 2512 0 30 543 1747 68 2862 0 0 2041 2529 5000 0 0 2334 920 0 2910 0 0 3889 76 1896 2861 904 1173 0 858 0 1434 0 0 0 0 340 0 0 513 0 231 603 2534 0 0 3066 0 1102 0 0 1263 0 0 0 1294 0 0 655 2725 643 1275 0 0 0 1254 0 1504 
0 0 0 1 0 1 0 1 0 0 0 0 0 0 0 0 0 0 1 0 1 0 1 1 0 0 0 0 0 0 0 1 0 0 0 0 0 0 0 0 0 0 1 0 1 0 0 0 0 1 1 0 1 0 0 0 0 0 0 0 0 0 0 0 0 0 0 0 0 0 0 0 0 0 0 0 1 1 0 0 1 0 0 0 0 0 1 1 0 0 0 0 0 0 1 1 1 0 1 0 0 1 1 1 0 1 1 0 1 0 0 0 0 0 0 0 0 0 0 0 0 0 1 1 0 1 1 0 1 0 0 1 0 1 1 0 1 0 0 1 0 1 0 0 0 0 0 0 0 0 0 0 0 0 0 1 0 1 0 0 0 0 0 0 0 0 0 0 0 1 0 0 0 0 0 1 0 0 0 0 0 0 0 0 0 0 0 0 0 0 0 0 0 1 0 1 0 0 0 0 0 0 0 0 0 1 1 1 0 0 0 0 0 1 0 0 0 0 0 0 0 0 0 0 0 0 1 0 0 0 0 0 0 0 0 0 0 0 0 0 0 0 0 0 0 0 0 0 1 0 0 0 0 0 0 0 0 0 1 0 1 1 0 0 1 0 0 1 0 0 0 0 0 0 0 0 0 0 0 0 0 0 0 0 
862 352 2727 139 1091 0 2360 0 1237 808 718 945 0 0 0 0 153 1681 179 3111 1994 227 0 0 0 1848 53 680 535 593 19 0 0 1012 2512 0 959 0 1747 79 2862 0 0 2444 2529 5000 54 0 2334 920 0 2486 0 0 3889 0 1785 2861 1062 950 0 0 0 1434 0 0 685 816 340 163 0 513 0 231 603 2419 0 0 3066 414 1739 618 631 1925 0 0 0 0 0 0 0 2725 643 125 0 0 0 1038 0 1504 
0 0 0 1 0 1 0 1 0 1 0 0 0 0 0 0 0 0 1 0 1 0 1 1 0 0 0 0 0 0 0 1 0 0 0 0 0 1 0 0 0 0 1 0 1 0 1 0 0 1 1 0 1 1 1 0 0 0 0 0 0 0 0 0 0 0 0 0 0 0 0 0 0 0 0 0 1 0 0 0 1 0 0 0 0 0 1 1 0 0 0 1 0 0 0 1 1 0 0 0 0 1 1 1 0 1 0 0 0 0 0 0 0 0 0 0 0 0 0 0 0 0 1 1 0 1 1 0 1 0 0 0 0 1 1 0 1 0 0 1 0 0 0 0 0 0 0 0 0 0 0 0 0 0 0 0 0 0 0 0 0 0 0 0 0 0 0 0 0 1 0 0 0 0 0 1 0 0 0 0 0 0 0 0 0 0 0 0 0 0 0 0 1 0 1 1 0 0 0 0 0 0 0 0 0 1 1 1 0 0 0 0 0 1 0 0 0 0 0 0 0 0 0 0 0 0 0 1 0 0 0 0 0 0 0 0 0 1 0 0 0 0 0 0 0 1 0 1 1 0 1 0 0 0 1 0 0 0 1 0 1 1 0 0 1 0 0 0 0 0 0 1 0 0 0 0 0 0 0 0 0 0 0 0 
876 352 2727 471 0 0 2360 0 1511 808 718 307 0 0 0 0 153 1639 179 3111 1994 0 0 398 742 1848 53 1543 535 0 0 231 0 1012 2512 0 124 674 1966 0 2862 0 0 2444 2529 5000 54 834 2334 1061 0 2486 0 0 3889 0 1785 2861 676 950 0 0 0 1434 0 0 0 816 1135 0 0 750 0 0 603 2769 0 0 3066 414 1739 618 631 1925 0 0 0 0 277 0 0 2725 937 0 0 0 0 1038 0 1504 
0 0 0 1 0 1 0 1 0 1 0 0 0 0 1 0 0 0 1 0 1 0 0 0 0 0 0 0 0 0 0 1 0 0 0 0 0 1 0 0 1 0 1 0 0 0 1 0 0 1 1 0 0 1 1 0 0 0 0 0 0 0 0 0 0 0 0 0 0 0 0 0 0 0 0 0 1 0 0 0 1 0 0 0 0 0 1 1 0 0 0 1 0 0 0 1 1 0 0 0 0 0 0 0 0 0 0 0 0 0 0 0 1 1 0 0 0 0 1 1 1 0 0 1 0 1 0 0 0 0 1 0 0 1 1 0 1 0 0 0 0 0 0 0 0 0 0 0 1 0 0 0 0 0 0 0 0 0 0 0 0 0 0 0 0 0 0 0 0 1 0 0 0 0 0 1 0 0 0 0 0 0 0 0 0 0 0 0 0 0 1 1 1 0 1 1 0 0 1 0 0 0 0 0 0 0 1 1 0 0 0 0 0 1 0 0 0 0 0 0 0 0 1 0 0 0 0 0 0 0 0 0 0 0 0 0 0 0 0 0 0 0 0 0 1 0 0 1 1 0 0 0 0 0 1 0 0 0 0 0 1 1 0 0 1 0 0 0 0 0 0 0 0 0 0 0 0 0 0 0 1 0 0 0 
876 352 2727 689 0 0 2360 0 220 0 718 307 394 424 1144 0 0 1878 179 3111 1994 0 0 0 1689 1848 136 2219 535 0 0 231 0 0 1209 0 0 674 1966 0 2862 0 0 2444 2529 5000 1433 0 2334 1061 0 2486 0 727 3889 0 1785 2967 0 0 0 0 0 1901 0 159 0 816 403 0 0 1085 0 0 107 2959 0 739 3066 0 1739 618 631 1378 0 0 0 0 0 0 0 2725 937 0 580 0 0 1967 0 0 
0 1 0 1 0 1 0 1 1 1 0 0 0 0 0 0 0 0 1 0 1 0 0 0 0 0 0 0 0 0 0 0 0 0 0 0 0 1 1 0 1 0 0 0 0 0 0 0 0 1 1 0 0 1 1 0 0 0 0 0 0 0 0 0 0 1 0 0 0 0 0 0 0 0 0 0 0 0 0 0 1 0 1 0 0 0 1 1 0 0 0 0 0 0 1 1 1 0 0 0 1 0 0 0 0 0 0 0 0 0 0 0 0 0 0 0 0 0 1 1 0 0 0 1 1 0 0 0 0 0 0 0 1 0 1 0 1 0 1 0 0 0 0 0 0 0 0 0 1 0 0 0 0 0 0 0 0 0 0 0 0 0 0 0 0 0 0 0 0 0 0 0 0 0 0 1 0 0 0 0 0 0 0 0 0 0 0 0 0 0 1 1 1 0 0 0 1 1 0 0 0 0 0 0 0 1 1 1 0 0 0 0 0 0 0 0 0 1 0 0 0 0 1 0 1 0 0 0 0 0 0 0 0 0 0 0 0 0 0 0 0 0 0 0 0 1 0 0 1 0 0 0 0 0 1 0 0 0 0 0 1 0 0 0 1 0 0 0 0 0 0 0 0 0 1 0 0 0 0 0 0 0 0 0 
0 352 2727 689 82 0 2360 0 220 0 1538 0 394 424 0 0 262 1878 682 3111 1994 0 0 666 0 1848 345 2219 535 631 0 231 0 55 1209 0 0 490 1966 0 2862 0 0 2444 2529 5000 64 0 1390 1061 0 2486 0 0 3889 0 2654 2967 0 0 0 49 0 1901 0 159 0 816 0 0 0 1085 0 0 295 2959 0 0 3066 0 2250 618 1037 1378 0 266 0 0 749 0 0 2725 0 0 0 0 0 1967 0 0 
0 0 0 1 0 1 0 1 1 1 0 0 0 0 0 0 0 0 1 0 1 0 1 1 0 0 0 0 0 0 0 1 0 0 0 0 0 0 1 0 1 0 0 0 0 0 0 0 0 1 1 0 0 0 0 0 0 0 0 1 0 0 0 0 0 0 0 0 0 0 0 0 0 0 0 0 1 1 0 0 1 0 1 0 0 0 1 1 0 0 0 0 0 0 1 1 1 0 1 0 0 0 0 0 0 0 0 0 0 0 0 0 1 1 0 0 0 0 1 1 0 0 0 1 1 0 0 0 0 0 1 0 0 0 1 0 1 0 0 1 0 0 0 0 0 0 0 0 1 1 0 0 0 0 0 0 0 0 0 0 0 0 0 0 0 0 0 0 0 0 0 0 0 0 0 1 0 0 0 0 0 0 0 0 0 0 0 0 0 0 0 1 1 0 0 0 1 1 0 0 0 0 0 0 0 1 1 1 0 0 0 0 0 0 0 0 0 0 0 0 0 0 1 0 0 0 0 0 0 0 0 0 0 0 0 0 0 0 0 0 0 0 1 0 1 0 0 0 1 0 0 0 0 0 1 0 0 0 0 0 0 0 0 0 1 0 0 0 0 0 0 0 0 0 1 0 0 0 0 0 0 0 0 0 
0 352 2727 689 82 0 2379 0 220 0 1538 0 394 0 247 0 0 1878 0 3111 1994 0 1549 0 0 1848 245 2219 0 631 0 231 0 163 1240 83 0 0 1966 0 2862 719 220 2444 2529 5000 0 0 1390 1061 0 2566 462 18 2973 0 2654 2967 0 0 996 0 0 1901 0 159 0 0 0 0 0 1085 0 0 0 2959 0 0 3066 0 2250 0 1037 1378 0 266 0 0 0 0 0 2925 0 0 0 0 0 1967 0 0 
0 1 0 1 0 1 0 1 0 0 0 0 0 1 0 0 0 1 1 0 1 0 1 1 0 0 0 0 0 0 0 1 0 0 0 0 0 0 1 0 1 0 0 0 0 0 0 0 0 1 1 0 0 0 0 0 0 0 0 1 0 0 0 0 0 1 0 0 0 0 0 0 0 0 0 0 0 0 0 0 1 0 1 0 0 0 0 0 0 0 1 0 0 0 1 1 1 0 0 0 0 0 0 0 0 0 1 0 0 1 0 0 0 0 0 0 1 0 1 1 0 0 0 1 0 0 0 0 0 0 1 0 0 0 1 1 1 0 0 1 0 0 0 0 0 0 0 0 1 1 0 0 0 0 0 0 0 0 0 0 0 0 0 0 0 0 0 0 0 0 0 0 0 0 1 1 0 0 0 0 0 0 1 1 0 0 0 0 0 0 0 0 1 0 0 0 1 0 0 0 1 0 0 0 0 0 1 1 0 0 0 0 0 0 0 0 0 1 0 0 0 0 1 0 0 0 0 0 0 0 0 0 0 0 0 0 0 0 0 0 0 0 1 0 0 0 0 0 1 0 0 0 0 0 1 0 0 0 0 1 0 0 0 0 1 0 0 0 0 0 0 0 0 0 0 0 0 0 0 0 0 0 0 0 
0 352 1703 1488 82 0 2379 683 79 141 1538 111 106 0 247 0 0 997 0 2838 1994 0 1549 0 0 1848 245 2550 698 631 0 231 0 0 1240 1507 24 738 1966 0 2862 719 220 2444 2529 5000 792 0 1390 1061 745 2566 462 18 2973 0 2654 2967 0 0 996 238 0 1415 121 320 0 731 0 0 0 0 0 0 0 2959 0 0 3066 0 1723 0 1037 2139 0 266 0 0 835 0 0 2925 175 0 86 0 0 1481 374 509 
0 1 0 1 0 1 0 1 0 1 0 0 0 1 0 0 0 1 1 0 1 0 1 1 0 0 0 0 0 0 0 0 0 0 1 1 0 1 1 0 1 0 0 0 0 0 1 0 0 1 1 0 0 0 1 0 0 1 0 0 0 0 0 0 0 1 0 0 0 0 0 0 0 0 0 0 0 0 0 0 1 0 1 0 0 0 0 0 0 0 0 0 0 0 1 1 1 0 1 0 0 0 0 0 0 0 1 0 0 1 0 0 0 0 0 0 1 0 1 1 0 0 0 1 0 0 0 0 0 1 1 0 0 1 1 1 1 0 0 0 0 0 0 0 0 0 0 0 1 1 0 0 0 0 0 0 0 0 0 0 0 0 0 0 0 0 0 0 0 0 0 0 0 0 1 1 0 0 0 1 0 0 1 1 0 0 0 0 0 0 0 0 1 0 0 0 1 1 0 0 0 1 0 0 0 0 0 1 0 1 0 0 0 0 0 0 0 1 0 0 0 0 1 0 1 0 0 0 0 0 0 0 0 0 0 0 0 0 0 1 1 0 0 0 1 0 0 0 1 0 0 0 0 0 0 0 0 0 0 0 1 1 0 0 1 0 0 0 0 0 0 0 0 0 0 0 0 0 0 0 1 0 0 0 
0 352 1703 0 828 963 2379 683 79 141 1538 111 106 0 247 0 0 997 406 2838 1994 0 0 0 0 1848 0 2550 293 631 0 0 0 0 1534 1507 24 738 2249 0 2862 719 0 1796 2529 5000 792 0 1390 1514 745 2566 462 0 2956 0 2543 2865 0 0 996 238 0 1415 121 320 0 731 0 287 570 0 0 0 0 2959 0 469 2458 0 1723 0 1037 2139 0 0 0 752 0 0 0 2925 0 0 0 0 0 0 0 289 
0 1 0 1 0 1 1 1 0 1 0 0 0 1 0 0 0 0 0 0 0 0 1 1 0 0 0 0 0 0 0 0 0 0 1 1 0 1 1 0 1 0 1 0 0 0 1 0 0 1 1 0 0 0 1 0 0 0 0 0 0 0 0 0 0 1 0 1 0 0 0 0 0 0 0 0 0 0 0 0 1 0 1 0 0 0 1 1 0 0 1 0 0 0 0 1 1 0 1 1 1 0 0 0 0 0 0 1 0 1 0 0 0 0 0 0 1 0 1 0 0 0 0 0 0 0 0 0 0 1 0 0 0 1 1 1 1 0 1 0 0 0 0 0 0 0 0 0 0 0 0 0 0 0 0 0 0 0 0 0 0 0 0 0 0 0 0 0 0 0 0 1 0 0 1 1 0 0 0 0 0 0 1 1 0 0 1 0 0 0 0 0 1 0 0 0 0 1 0 0 0 1 0 0 0 1 1 1 0 1 0 0 0 0 0 0 0 0 0 0 0 0 1 0 0 0 0 0 0 0 0 0 0 0 0 0 0 0 1 1 0 0 1 0 0 0 0 0 0 0 1 0 0 0 0 0 0 0 0 0 0 1 0 0 0 0 0 1 0 0 0 0 0 0 0 0 0 0 0 0 0 0 0 0 
0 913 1703 0 828 963 2379 0 79 141 1507 79 0 0 0 0 0 119 406 2838 1994 0 0 0 0 1431 159 2641 293 631 351 0 0 0 1534 1478 24 738 2249 0 2862 0 0 1707 2529 5000 792 0 1390 1514 745 2566 462 0 2956 71 2543 2865 0 0 1290 0 0 1764 121 18 0 731 0 0 0 0 0 0 0 2959 0 469 2458 762 1723 0 1037 2139 624 0 0 752 0 252 0 2925 0 0 0 0 0 260 0 289 
0 1 0 1 0 1 1 1 0 1 0 0 0 1 0 0 0 0 0 0 0 0 1 1 0 0 0 0 0 0 0 0 0 0 0 0 0 1 0 0 1 0 1 0 0 0 1 1 0 1 1 0 0 1 1 0 0 0 0 0 0 0 0 0 0 0 0 0 0 0 0 0 0 0 0 0 0 0 0 0 1 0 1 0 0 0 1 1 0 0 0 1 0 0 1 1 1 0 0 0 1 0 0 0 0 0 1 0 1 1 0 0 0 0 0 0 1 0 1 0 0 0 0 1 0 0 0 0 0 1 0 0 0 1 1 1 1 0 1 0 0 0 1 0 0 0 0 0 0 0 0 0 0 0 0 0 0 1 0 0 0 0 0 0 0 0 0 0 0 0 0 0 1 0 1 0 0 1 0 0 0 0 0 1 0 0 1 0 0 0 0 0 1 0 0 0 1 1 0 0 0 0 0 0 0 1 1 1 0 1 0 0 0 0 0 0 0 0 0 0 0 0 1 0 0 0 0 0 0 0 0 0 0 1 0 0 0 0 0 1 0 0 1 0 0 0 0 0 0 0 0 0 0 0 0 0 0 0 0 0 0 1 0 0 1 0 0 1 0 0 0 0 0 0 0 0 0 0 0 0 0 0 0 0 
0 1398 1703 0 1140 0 2379 0 79 141 1507 79 0 0 0 0 0 0 406 2838 1994 0 386 0 601 1431 159 2641 293 281 0 180 0 0 1534 1478 0 738 2249 0 2862 0 0 1707 2529 5000 0 0 1839 1514 0 2566 292 0 2956 0 2543 2835 0 498 0 91 0 1764 121 0 0 731 0 0 0 0 0 0 0 2959 0 469 2247 1430 1723 0 212 2139 624 0 0 752 0 1142 0 2925 0 0 0 151 0 171 0 289 
0 1 0 1 0 1 0 1 0 0 0 0 0 0 0 0 0 0 0 0 0 0 1 1 0 0 0 0 0 0 0 0 0 1 0 0 0 1 0 0 1 0 1 0 0 0 1 0 0 1 1 0 0 0 1 0 0 0 0 0 0 0 0 0 0 0 0 0 0 0 0 0 0 0 0 0 0 0 0 0 0 0 0 0 0 0 1 1 0 0 1 1 0 0 1 1 1 0 1 0 1 0 0 0 0 0 1 0 1 1 0 0 0 0 0 0 1 0 1 1 0 0 0 1 0 0 0 0 0 1 0 0 0 0 1 1 1 0 1 0 0 0 0 0 0 0 0 0 1 0 0 0 0 0 0 0 0 0 0 0 0 0 0 0 0 0 0 0 0 1 0 0 1 0 0 0 0 1 1 1 0 0 0 1 0 0 1 0 0 0 0 0 1 0 0 0 0 0 0 0 0 1 0 0 0 1 1 1 0 0 0 0 0 1 0 0 0 0 0 0 0 0 1 0 0 0 0 0 0 0 0 0 0 0 0 0 0 0 0 1 0 0 1 0 0 0 0 0 0 0 0 0 0 0 0 0 0 0 0 0 0 1 0 0 1 0 0 1 0 0 0 0 0 0 0 0 0 0 0 0 0 0 0 0 
0 1398 1703 0 564 0 2379 0 79 141 1507 79 0 0 0 0 496 0 406 2838 1994 982 0 0 14 98 159 1884 293 0 0 180 629 0 1534 1478 0 0 2249 0 3013 0 0 1707 2529 5000 0 238 1839 432 0 2566 972 0 2956 0 2543 2835 812 498 0 91 0 1764 0 0 0 1169 257 0 0 0 370 0 0 2959 0 0 2247 1430 1824 0 212 2139 0 0 0 752 0 0 0 2925 0 0 749 151 0 0 0 0 
0 1 0 1 0 1 0 1 0 0 0 0 0 0 0 0 0 0 0 0 0 0 0 1 0 0 0 0 0 0 0 0 0 1 0 0 0 1 0 0 0 0 1 0 0 0 1 0 0 1 1 0 0 0 1 0 0 0 0 0 0 0 0 0 0 0 0 0 0 0 0 0 0 0 0 0 1 1 0 0 0 0 0 0 0 1 1 1 0 0 1 1 0 0 0 1 1 0 1 0 0 0 0 1 0 1 0 0 0 0 0 0 0 0 0 0 1 0 1 1 1 0 0 1 0 1 0 1 0 0 0 0 1 0 1 1 1 0 0 0 0 0 0 0 0 0 0 0 1 0 0 0 0 1 0 0 0 0 0 0 0 0 0 0 0 0 0 0 0 1 0 0 0 0 0 1 0 0 1 0 0 0 0 0 1 0 1 0 0 0 0 0 1 0 0 1 0 0 1 1 0 0 0 0 0 0 1 1 0 0 0 0 0 1 0 0 0 0 0 0 0 0 1 0 1 0 0 0 0 0 0 0 0 0 0 0 0 0 0 0 0 0 1 0 0 0 0 1 0 0 0 0 0 0 0 0 0 0 0 0 0 0 0 0 0 0 0 1 0 0 0 0 0 0 0 0 0 0 0 0 0 0 0 0 
220 596 2036 0 619 0 2379 46 79 141 1860 0 0 87 0 0 0 0 406 2838 1994 242 220 0 14 0 159 1884 293 17 0 180 629 0 1066 1478 0 0 2249 0 3013 459 795 1707 2529 5000 0 238 1839 432 0 2597 0 0 2956 0 2543 2835 0 498 0 823 0 1764 0 0 957 0 0 0 0 0 0 303 0 2959 0 0 2499 1019 1824 0 212 2139 0 0 0 0 730 0 640 2925 563 0 0 445 0 0 0 0 
0 1 0 1 0 1 0 1 1 0 0 0 0 0 0 0 0 0 0 0 0 0 1 1 0 0 0 0 0 0 0 0 0 1 0 0 0 0 0 1 0 0 1 0 0 0 1 0 0 1 1 0 0 0 0 0 0 0 0 0 0 0 0 0 1 0 0 0 0 0 0 0 0 0 0 0 0 0 0 0 0 0 0 0 0 0 1 1 0 0 1 1 0 0 0 1 1 0 1 0 0 0 1 1 0 1 1 0 0 1 0 0 0 0 0 0 1 0 0 0 0 0 0 1 0 0 1 1 0 0 0 0 0 0 1 0 1 0 0 0 0 1 0 0 0 0 0 0 1 0 0 0 0 1 0 0 0 0 0 0 0 0 0 0 0 0 0 0 0 1 0 0 0 0 0 0 0 0 1 0 1 0 1 1 0 0 0 0 0 0 0 0 1 0 0 0 0 0 1 1 0 1 0 0 0 0 1 1 0 0 0 0 0 1 0 0 0 0 0 0 0 0 1 0 0 0 0 1 0 0 0 0 0 0 0 0 0 1 0 0 0 0 0 0 0 0 0 0 0 0 0 0 0 0 0 0 0 0 0 0 1 0 0 0 0 0 0 0 0 1 0 0 0 0 0 0 0 0 0 0 1 0 0 0 
220 1413 2036 0 1147 0 2379 46 956 449 1437 0 0 310 0 543 0 0 406 2838 1994 242 0 0 721 0 159 1853 0 17 466 0 629 0 1066 1478 0 0 2282 0 3013 459 1153 1707 2529 5000 0 0 2042 432 0 2597 0 0 2956 0 2543 2835 930 498 0 823 0 1637 0 0 957 0 0 0 518 0 0 303 0 2959 0 226 2499 1019 1824 513 666 2139 0 0 0 0 730 0 412 2925 670 889 0 445 0 0 0 0 
0 1 0 1 0 1 0 1 1 0 0 0 0 0 0 0 0 0 0 0 0 0 1 1 0 0 0 0 0 0 0 0 0 1 0 0 0 0 0 1 0 0 1 0 0 0 1 0 0 1 1 0 1 0 0 0 0 0 0 0 0 0 0 0 1 0 0 0 0 0 1 0 1 0 0 0 0 0 0 0 0 0 0 0 0 0 1 1 0 0 1 1 0 0 0 1 1 0 1 1 0 1 0 1 0 1 0 0 0 0 0 0 0 0 0 0 1 0 0 0 0 0 0 1 0 1 1 1 0 0 0 0 0 0 0 0 0 0 0 0 0 1 1 0 0 0 0 0 0 0 0 0 0 1 0 0 0 0 0 0 0 0 0 0 0 0 0 0 0 1 0 0 0 0 0 0 0 0 1 0 1 0 1 0 1 0 0 0 0 1 0 0 1 0 0 1 0 0 0 0 0 1 0 0 0 0 1 1 0 0 0 0 0 1 0 0 0 0 0 0 0 0 0 0 0 0 0 1 0 0 0 0 0 0 0 0 0 1 0 0 0 1 0 0 0 0 0 0 0 0 0 0 0 0 0 0 0 0 0 0 1 0 0 0 0 0 0 0 0 1 0 1 0 0 0 0 0 0 0 0 1 0 0 0 
0 814 2036 0 1147 0 2379 0 0 449 0 622 0 310 0 543 0 0 406 2838 1994 965 0 0 721 0 159 1546 276 216 0 0 629 0 1066 1478 266 0 2282 0 3013 321 1153 1939 2529 5000 0 153 2042 432 0 2597 0 0 2956 646 2904 2835 930 498 0 0 0 1448 0 0 957 0 0 0 518 122 0 303 0 2959 0 226 2499 1406 1824 513 666 2139 0 0 0 0 730 0 46 2925 670 0 0 445 0 447 0 0 
0 1 0 1 0 1 0 1 1 0 0 0 0 0 0 0 0 0 0 0 0 0 1 1 0 0 0 0 0 0 0 0 0 1 0 0 0 0 0 0 0 0 1 0 0 0 1 0 0 0 0 0 0 1 1 0 0 0 0 0 0 0 0 0 1 0 0 0 0 0 1 0 1 0 0 0 0 0 0 0 0 0 0 0 0 0 1 1 0 0 1 1 0 0 1 1 1 0 0 1 0 0 1 1 0 1 0 0 0 0 0 0 0 0 0 0 1 0 0 0 0 0 0 1 0 1 1 1 0 0 0 0 0 1 1 0 1 0 1 1 0 1 0 0 0 0 0 0 0 0 0 0 0 1 0 0 0 1 0 0 0 0 0 0 0 0 0 0 0 1 0 0 0 0 0 0 0 0 1 0 1 0 1 0 1 0 0 0 0 0 0 0 1 0 0 1 0 0 1 0 0 0 0 0 0 0 1 1 0 0 0 0 0 1 0 0 0 0 0 0 0 0 1 0 0 0 0 1 0 0 0 0 0 0 0 0 0 1 0 0 0 0 0 0 0 0 0 0 0 0 0 0 0 0 0 0 0 0 0 0 1 0 0 0 1 0 0 0 0 1 0 0 0 0 0 0 0 0 0 0 1 0 0 0 
0 1069 2036 0 464 0 2379 0 0 449 0 622 0 0 0 0 0 0 406 2838 1994 0 0 0 721 0 159 2116 276 216 0 0 629 0 1066 1478 0 0 2282 79 3013 321 0 1553 2529 5000 0 0 2042 432 0 2597 0 0 2956 646 2574 2835 976 0 462 0 0 1448 0 0 957 0 0 0 474 0 0 0 0 2959 0 0 2740 1406 1824 513 0 1410 0 0 0 0 0 0 283 2925 670 0 657 445 0 0 0 0 
0 1 0 1 0 1 0 1 0 0 0 0 0 1 0 0 0 0 0 0 0 0 1 1 0 0 0 0 0 0 0 0 0 0 0 0 0 0 0 0 0 0 1 0 1 0 1 0 0 0 0 0 0 1 1 0 0 0 0 0 0 0 0 0 0 0 0 0 0 0 0 0 0 0 0 0 0 0 0 0 0 0 0 0 0 0 1 0 0 0 1 1 0 0 0 1 1 0 0 1 0 0 1 1 0 1 0 0 0 0 0 0 0 0 0 0 1 0 1 0 0 0 0 1 0 1 0 0 1 0 0 0 1 0 1 0 1 0 0 0 0 1 0 0 0 0 0 0 0 0 1 0 0 1 0 0 0 1 0 0 0 0 0 0 0 0 0 0 0 0 0 1 0 0 1 0 0 0 1 0 0 0 1 0 0 0 0 0 0 0 0 0 0 0 0 1 0 0 0 0 0 0 0 0 0 1 1 1 0 0 0 0 0 0 0 0 0 0 0 0 0 0 0 0 1 0 0 1 0 0 0 0 0 1 0 0 0 1 0 0 0 0 0 0 0 0 0 0 0 0 0 0 0 0 0 0 0 0 0 0 1 0 0 0 0 0 0 0 0 1 0 0 0 1 0 0 0 0 0 0 0 0 0 0 
905 0 2036 665 83 0 2379 0 0 0 0 622 0 0 0 0 809 0 406 2838 1994 0 0 0 721 498 159 2061 276 598 0 0 762 0 1363 1478 0 0 2282 79 3013 0 0 1553 2529 5000 0 0 2042 104 0 2597 0 0 2940 71 2574 2835 976 0 0 0 0 1448 101 0 28 0 432 0 474 0 0 496 0 2959 0 0 2740 1406 1824 0 776 1410 0 0 0 0 0 0 0 2925 0 0 657 445 0 249 0 0 
0 1 0 1 0 0 0 0 0 0 0 1 0 0 0 0 0 0 1 0 1 0 1 1 0 0 0 0 0 0 0 0 0 1 0 0 0 0 0 0 0 0 0 0 0 0 0 0 0 0 0 0 0 1 1 0 0 0 0 0 0 0 0 0 0 0 0 0 0 0 0 0 0 0 0 0 1 0 0 0 0 0 0 0 0 0 1 1 0 0 0 1 0 0 0 1 1 0 0 1 0 0 1 1 0 1 0 0 0 0 0 0 0 0 0 0 1 0 1 0 0 0 0 1 0 1 1 0 1 0 0 0 0 0 1 0 1 0 0 0 0 1 0 0 0 0 0 0 0 0 1 1 0 1 0 0 0 1 0 0 0 0 0 0 0 0 0 0 0 0 0 1 0 0 0 1 0 0 1 0 0 0 0 0 0 0 0 0 0 0 0 0 1 0 0 1 0 0 0 0 0 0 0 0 0 0 1 1 0 0 0 0 0 0 0 0 0 0 0 0 0 0 1 0 1 0 0 1 0 0 0 0 0 0 0 0 0 1 0 1 1 0 0 0 0 0 0 1 1 0 0 0 0 0 0 0 0 0 0 0 0 0 0 0 1 0 0 0 0 0 0 0 0 0 0 0 0 0 0 0 0 0 0 0 
905 0 2036 665 269 0 2379 0 0 0 0 622 0 0 0 127 1008 0 0 2838 1994 0 0 0 721 498 159 2061 276 598 0 0 690 0 1302 1653 0 0 2684 0 3013 0 0 1553 2529 5000 0 0 2042 474 0 2597 0 0 2940 71 2574 2835 940 0 0 0 321 1448 101 0 28 0 432 0 474 0 0 237 0 2959 0 0 2740 557 1824 0 0 1410 0 0 0 0 0 267 0 2925 0 0 1114 445 0 249 0 0 
0 1 0 1 0 0 0 0 0 0 0 1 0 0 0 0 1 0 1 0 1 0 1 1 0 0 0 0 0 0 0 0 0 1 0 0 0 0 0 0 0 0 0 0 0 0 0 0 0 0 0 0 0 1 1 0 0 0 0 0 0 0 0 0 0 0 0 0 0 0 0 0 0 0 0 0 1 0 0 0 0 0 0 0 0 0 0 0 0 0 0 1 0 0 0 1 1 0 0 1 0 0 1 1 0 1 0 0 0 0 0 0 0 0 0 0 1 0 1 0 0 0 0 1 0 1 1 1 0 0 0 0 0 0 1 0 1 0 0 0 0 1 0 0 0 0 0 0 0 0 0 1 0 1 0 0 0 1 0 0 0 0 0 0 0 0 0 0 0 0 0 1 1 0 0 1 0 0 1 0 0 0 0 0 0 0 0 0 0 0 0 0 1 0 0 1 0 0 0 0 0 0 0 0 0 0 1 1 0 0 0 0 0 0 0 0 0 0 0 0 0 0 1 0 1 0 0 1 0 0 0 0 0 0 0 0 0 1 0 1 1 0 0 0 0 0 0 1 1 0 0 0 0 0 0 0 0 0 0 1 0 0 0 0 1 0 0 0 0 0 0 0 0 0 0 0 0 0 0 0 0 0 0 0 
863 0 2036 830 84 0 2379 0 0 0 0 622 0 0 0 994 0 0 124 2838 1994 0 0 0 0 498 159 2061 1197 598 0 0 690 0 1302 1653 0 0 2684 0 3013 0 0 1553 2529 5000 0 0 2246 474 0 2597 0 0 2940 0 2574 2835 940 0 369 0 0 1448 306 0 28 0 432 0 155 0 0 237 0 2959 0 0 2740 557 1824 0 0 1410 0 0 0 0 0 0 0 2925 0 0 1119 445 0 249 0 0 
0 0 1 1 0 0 0 0 0 0 0 0 0 1 0 0 1 0 1 0 1 0 1 1 0 0 0 0 0 0 0 0 0 1 0 0 0 0 0 0 0 0 0 0 0 0 0 0 0 0 0 0 0 1 1 0 0 0 0 0 0 0 0 0 0 0 0 0 0 0 0 0 0 0 0 0 0 0 0 0 0 0 0 0 0 0 1 1 0 0 1 1 0 0 0 1 1 0 0 1 0 0 1 1 0 1 0 0 0 0 0 0 0 0 0 0 0 0 0 0 0 0 0 1 0 1 1 1 0 0 0 0 0 0 1 0 1 0 0 0 0 1 0 0 0 0 0 0 0 0 0 1 0 1 0 0 0 0 0 0 0 0 0 0 0 0 0 0 0 0 0 1 0 0 1 1 0 0 1 0 0 0 0 0 0 0 0 0 0 0 0 0 1 0 0 1 0 0 0 0 0 0 0 0 0 0 1 1 0 0 0 0 0 0 0 0 0 0 0 0 0 0 1 0 1 0 0 1 0 0 0 0 0 0 0 0 0 1 0 1 1 0 0 0 0 0 0 1 1 0 0 0 0 0 0 0 0 0 0 0 0 0 0 0 1 0 0 0 0 0 0 0 0 0 0 0 0 0 0 0 0 0 0 0 
863 0 2036 830 84 0 2379 0 345 0 0 209 0 0 12 0 0 0 812 2838 1994 0 0 0 0 498 159 2061 109 1085 0 0 690 0 1488 1653 329 0 2006 0 3013 0 0 1553 2529 5000 0 0 2246 474 0 2597 0 0 2940 0 2574 2835 940 0 369 0 0 1448 0 0 405 0 184 0 416 0 0 0 0 2959 0 0 2740 799 1824 0 0 1410 49 672 0 0 0 0 0 2925 0 0 1119 55 0 249 0 0 
0 0 1 1 0 0 0 0 0 0 0 0 0 1 0 0 0 0 1 0 1 0 1 1 0 0 0 0 0 0 0 0 0 1 0 0 0 1 0 0 0 0 0 0 0 0 0 0 0 0 0 0 0 1 1 0 0 0 0 0 0 0 0 0 0 0 0 0 0 0 0 0 0 0 0 0 0 0 0 0 0 0 0 0 0 0 1 1 0 0 1 1 0 0 0 1 1 0 0 1 0 0 1 1 0 1 0 0 0 0 0 0 0 0 0 0 0 0 0 0 0 0 0 1 0 1 0 1 0 0 0 0 1 1 1 0 1 0 0 0 0 1 0 0 0 0 0 0 0 0 0 0 0 1 0 0 0 0 0 0 0 0 0 0 0 0 0 0 0 0 0 1 0 0 1 1 0 1 1 0 0 0 0 0 0 0 0 0 0 0 0 0 1 0 0 1 0 0 0 0 0 0 0 0 0 0 1 1 0 0 0 0 0 0 0 0 0 0 0 0 0 0 1 0 1 0 0 1 0 0 0 0 0 0 0 0 0 1 0 0 0 0 0 0 0 0 0 1 1 0 0 0 0 0 0 0 0 0 0 0 0 0 0 0 1 0 0 0 0 0 0 0 0 1 0 0 0 0 0 0 0 0 0 0 
863 0 2036 830 84 0 2379 0 345 0 0 209 380 0 0 0 0 0 641 2838 1994 0 0 0 0 0 159 2159 295 0 0 0 690 0 1488 1653 0 287 2006 0 3013 0 0 1733 2529 5000 0 0 2038 195 0 2597 0 0 2940 0 2574 2835 940 295 491 0 0 1448 0 0 405 0 184 0 793 0 0 0 0 2959 386 97 2740 0 1824 0 0 1410 49 672 0 0 0 0 0 2925 0 0 1119 55 0 475 0 0 
0 0 1 1 0 0 0 0 0 0 0 0 0 1 0 0 0 0 1 0 1 0 0 1 0 0 0 0 0 0 0 0 0 1 0 0 0 1 1 0 0 0 0 0 0 0 0 0 0 0 0 0 0 1 1 0 0 0 0 0 0 0 0 0 0 0 0 0 0 0 0 0 0 0 0 0 0 0 0 0 0 0 0 0 0 0 1 1 0 0 1 0 0 0 1 1 1 0 0 1 0 0 1 1 0 1 0 0 0 0 0 0 0 0 0 0 0 0 0 0 0 0 0 1 0 1 0 1 0 0 0 1 1 0 1 0 1 0 1 0 0 0 0 0 0 0 0 0 0 0 0 0 0 1 0 0 0 0 0 0 0 0 0 0 0 0 0 0 0 1 0 0 0 0 1 1 0 1 1 0 0 0 0 0 0 0 0 0 0 0 0 0 1 0 0 1 0 0 0 0 0 0 0 0 0 0 1 1 0 0 0 0 0 1 0 0 0 0 0 0 0 0 1 0 1 0 0 1 0 0 0 0 0 0 0 0 0 1 0 0 0 0 0 0 0 0 0 0 1 0 0 0 0 0 0 0 0 0 0 0 0 0 1 0 1 0 0 0 0 0 0 0 0 1 0 0 0 0 0 0 0 0 0 0 
863 0 2036 200 0 0 2379 0 474 0 0 454 380 0 0 0 0 0 641 2838 1994 0 0 0 46 0 159 2159 295 0 0 0 690 0 1141 1653 0 287 2006 0 3013 0 0 1733 2529 5000 0 0 2038 195 0 2597 0 0 2940 0 2574 2835 940 295 0 0 414 1448 0 0 405 0 184 0 213 0 0 0 0 2959 0 0 2740 0 1824 0 0 1410 49 0 0 0 0 0 0 2925 389 0 1119 200 0 475 0 0 
0 1 0 1 0 0 0 0 0 0 0 0 0 0 0 1 0 0 1 0 1 0 0 0 0 0 0 0 0 0 0 0 0 1 0 0 0 1 1 0 0 0 0 0 0 0 0 0 0 0 0 0 0 1 1 0 0 0 0 0 0 0 0 0 0 0 0 0 0 0 0 0 0 0 0 0 0 0 0 0 0 0 0 0 0 0 1 1 0 0 0 0 0 0 1 1 1 0 0 1 0 0 1 1 0 1 0 0 0 0 0 0 0 0 0 0 1 0 1 0 0 0 0 1 0 1 0 1 0 0 0 1 1 0 1 0 1 0 0 0 0 0 0 0 0 0 0 0 0 0 0 0 0 1 0 0 0 0 0 0 0 0 0 0 0 0 0 0 0 1 0 0 0 0 0 1 0 1 1 0 0 0 0 0 0 0 0 0 0 0 0 0 1 0 0 1 0 0 0 0 0 0 0 0 0 0 1 1 0 0 0 0 0 1 0 0 0 0 0 0 0 0 1 0 1 0 0 1 0 0 0 0 0 0 0 0 0 1 0 0 0 0 0 0 0 0 0 0 1 0 0 0 0 0 0 0 0 0 0 0 1 0 0 0 1 0 0 0 0 0 0 0 0 1 0 0 0 0 0 0 0 0 0 0 
919 0 2036 200 0 0 2379 0 474 0 0 454 380 0 330 0 0 0 641 2838 1994 0 0 0 46 0 159 1155 295 0 0 0 690 868 1141 1653 0 0 2006 56 3013 0 0 1733 2529 5000 0 0 1418 0 0 2597 0 0 2940 0 2574 2835 940 719 0 345 414 1448 0 0 283 0 184 0 0 0 0 0 0 2959 0 0 2740 0 1471 0 0 1410 437 0 0 0 0 0 0 2925 389 0 773 200 225 475 0 0 
0 1 0 1 0 0 0 0 0 0 0 0 0 0 0 1 0 0 1 0 1 0 0 0 0 0 0 0 0 0 0 1 0 1 0 0 0 1 1 0 0 0 0 0 0 0 0 0 0 0 0 0 0 0 1 0 1 0 0 0 0 0 0 0 0 0 0 0 0 0 0 0 0 0 0 0 0 0 0 0 0 0 0 0 0 0 1 1 0 0 1 0 0 0 1 1 1 0 1 0 0 0 1 1 0 1 0 0 0 0 0 0 0 0 0 0 1 0 1 0 0 0 0 1 0 1 0 0 1 0 0 1 1 0 1 0 1 0 0 0 0 0 0 0 0 0 0 0 0 0 1 0 0 1 0 0 0 0 0 0 0 0 0 0 0 0 0 0 0 1 0 0 0 0 0 1 0 1 1 0 0 0 0 0 0 0 0 0 0 0 0 0 1 0 0 1 0 0 0 0 0 1 0 0 0 0 0 0 0 0 0 0 0 1 0 0 0 0 0 0 0 0 1 0 1 0 0 1 0 0 0 0 0 0 0 0 0 1 0 0 0 0 0 0 0 0 0 0 1 0 0 0 0 0 0 0 0 0 0 0 1 0 0 0 1 0 0 0 0 0 0 0 0 1 0 0 0 0 0 0 0 0 0 0 
320 0 2036 200 0 0 2379 0 474 0 0 454 0 0 330 0 0 0 641 2838 1994 0 0 0 0 0 159 1155 9 0 0 0 690 868 1356 1653 0 0 2006 56 3013 0 0 1733 2529 5000 0 0 1418 702 0 2597 0 0 2940 0 2574 2835 927 719 0 0 414 1448 0 0 379 0 184 0 92 0 0 0 0 2959 0 0 2740 0 1391 0 0 1410 163 297 0 0 0 0 0 2925 389 0 773 200 225 475 0 0 
0 0 1 1 0 0 0 0 0 0 0 0 0 0 0 1 0 0 1 0 1 0 0 0 0 0 0 0 0 0 0 1 0 1 0 0 0 1 0 0 0 0 0 0 0 0 0 0 0 0 0 0 0 1 1 0 1 0 0 0 0 0 0 0 0 0 0 0 0 0 0 0 0 0 0 0 0 0 0 0 0 0 0 0 0 0 1 1 0 0 1 0 0 0 1 1 1 0 0 1 0 0 1 1 0 1 0 0 0 0 0 0 0 0 0 0 0 0 0 0 0 0 0 1 0 1 0 0 1 0 0 1 1 0 1 0 1 0 0 0 0 0 0 0 0 0 0 0 0 0 1 0 0 1 0 0 0 0 0 0 0 0 0 0 0 0 0 0 0 1 0 0 0 0 0 1 0 1 1 0 0 0 0 0 0 0 0 0 0 0 0 0 1 0 0 1 0 0 0 0 0 0 0 0 0 0 1 1 0 0 0 0 0 1 0 0 0 0 0 0 0 0 1 0 1 0 0 1 0 0 0 0 0 0 0 0 0 1 0 0 0 0 0 0 0 0 0 0 1 0 0 0 0 0 0 0 0 0 0 0 1 0 0 0 1 0 0 0 0 0 0 0 0 1 0 0 0 0 0 0 0 0 0 0 
320 0 2055 200 0 0 2379 0 474 0 0 470 0 0 0 0 0 0 641 2838 1994 0 0 0 612 0 635 1155 9 0 0 0 690 0 1356 1601 0 0 2006 56 3013 0 0 1733 2529 5000 0 0 1418 702 0 2597 0 0 2940 0 2574 2835 754 0 0 0 0 1448 0 0 379 0 184 0 92 0 0 0 0 2959 0 0 2740 0 1362 0 0 1410 163 919 0 0 0 0 0 2925 389 0 773 200 1064 11 0 0 
0 1 0 1 0 0 0 0 0 0 0 0 0 0 0 1 0 0 1 0 1 0 0 0 0 0 0 0 0 0 0 0 0 1 0 0 0 1 0 0 0 0 0 0 0 0 0 0 0 0 0 0 0 1 1 0 1 0 0 0 0 0 0 0 0 0 0 0 0 0 0 0 0 0 0 0 0 0 0 0 0 0 0 0 0 0 1 1 0 0 0 0 0 0 1 1 1 0 0 1 0 0 1 1 0 1 0 0 0 0 0 0 0 0 0 0 1 0 1 0 0 0 0 1 0 1 0 0 1 0 0 1 1 0 1 0 1 0 0 0 0 0 0 0 0 0 0 0 0 0 1 0 0 1 0 0 0 0 0 0 0 0 0 0 0 0 0 0 0 0 0 1 0 0 0 1 0 1 1 0 0 0 0 0 0 0 0 0 0 0 0 0 1 0 0 1 0 0 0 0 0 0 0 0 0 0 1 1 0 0 0 0 0 0 0 0 0 0 0 0 0 0 1 0 1 0 0 1 0 0 0 0 0 0 0 0 0 1 0 0 0 0 0 0 0 0 0 0 1 0 0 0 0 0 0 0 0 0 0 0 1 0 0 0 1 0 0 0 0 0 0 0 0 1 0 0 0 0 0 0 0 0 0 0 
0 0 2055 200 0 0 2379 0 418 0 0 470 65 0 0 0 0 0 641 2838 1994 0 0 0 554 0 948 1155 9 0 0 0 293 0 1356 1601 0 0 2006 0 3013 0 0 1733 2529 5000 0 0 1418 334 0 2597 0 0 2940 0 2574 2835 167 0 0 0 0 1448 0 0 379 0 184 0 92 0 0 0 0 2959 0 0 2740 0 1362 0 0 1410 163 919 0 0 0 0 0 2925 326 0 773 200 0 11 0 0 
0 1 0 1 0 0 0 0 0 0 0 0 0 0 0 1 0 0 1 0 1 0 0 0 0 0 0 0 0 0 0 0 0 1 0 0 0 1 1 0 0 0 0 0 0 0 0 0 0 0 0 0 0 1 1 0 0 0 0 0 0 0 0 0 0 0 0 0 0 0 0 0 0 0 0 0 0 0 0 0 0 0 0 0 0 0 1 1 0 0 0 0 0 0 1 1 1 0 0 1 0 0 1 1 0 1 0 0 0 0 0 0 0 0 0 0 1 0 1 0 0 0 0 1 0 1 0 1 0 0 0 1 1 0 1 0 1 0 0 0 0 0 0 0 0 0 0 0 0 0 0 0 0 1 0 0 0 0 0 0 0 0 0 0 0 0 0 0 0 0 0 1 0 0 0 1 0 1 1 0 0 0 0 0 0 0 0 0 0 0 0 0 1 0 0 1 0 0 0 0 0 0 0 0 0 0 1 1 0 0 0 0 0 0 0 0 0 0 0 0 0 0 1 0 1 0 0 1 0 0 0 0 0 0 0 0 0 1 0 0 0 0 0 0 0 0 0 0 1 0 0 0 0 0 0 0 0 0 0 0 1 0 0 0 1 0 0 0 0 0 0 0 0 1 0 0 0 0 0 0 0 0 0 0 
0 0 2055 200 0 0 2379 0 418 0 0 470 65 0 0 0 0 0 641 2838 1994 0 0 0 0 0 948 1155 9 0 0 0 293 0 1356 1601 0 0 2006 0 3013 0 0 1624 2529 5000 0 0 1418 334 0 2597 0 0 2940 0 2574 2835 167 0 0 0 0 1448 0 0 379 0 184 0 177 0 0 0 0 2959 0 0 2740 0 1362 0 0 1410 0 132 0 0 0 0 0 2925 326 0 0 200 0 11 0 0 
0 0 1 1 0 0 0 0 0 0 0 1 0 0 0 0 0 0 1 0 1 0 0 0 0 0 0 0 0 0 0 0 0 1 0 0 0 1 1 0 0 0 0 0 0 0 0 0 0 0 0 0 0 1 1 0 0 0 0 0 0 0 0 0 0 0 0 0 0 0 0 0 0 0 0 0 0 0 0 0 0 0 0 0 0 0 1 1 0 0 1 0 0 0 1 1 1 0 0 1 0 0 1 1 0 1 0 0 0 0 0 0 0 0 0 0 0 0 0 0 0 0 0 1 0 1 0 1 0 0 0 1 0 0 1 0 1 0 0 0 0 0 0 0 0 0 0 0 0 0 0 0 0 1 0 0 0 0 0 0 0 0 0 0 0 0 0 0 0 0 0 1 0 0 0 1 0 0 1 0 0 0 0 0 0 0 0 0 0 0 0 0 1 0 0 1 0 0 0 0 0 0 0 0 1 0 1 1 0 0 0 0 0 0 0 0 0 0 0 0 0 0 1 0 0 0 0 1 0 0 0 0 0 0 0 0 0 1 0 0 0 0 0 0 0 0 0 0 1 0 0 0 0 0 0 0 0 0 0 0 1 0 0 0 1 0 0 0 0 0 0 0 0 0 1 0 0 0 0 0 0 0 0 0 
0 0 2055 200 0 0 2379 320 418 0 0 470 0 0 0 0 0 0 641 2838 1994 974 0 0 318 0 948 1155 9 0 0 0 293 0 1356 1601 0 0 2006 0 3013 0 0 1534 2529 5000 0 0 1418 334 0 2597 0 0 2940 0 2593 2835 167 0 0 0 0 1448 0 0 379 0 184 0 177 0 0 0 0 2959 0 0 2740 0 1362 0 0 1410 0 0 0 0 0 0 0 2925 326 0 0 200 0 11 0 0 
0 1 0 1 0 0 0 0 0 0 0 1 0 0 0 0 0 0 1 0 1 0 0 0 0 0 0 0 0 0 0 0 0 1 0 0 0 1 0 0 0 0 0 0 0 0 0 0 0 0 0 0 0 1 1 0 0 0 0 0 0 0 0 0 0 0 0 0 0 0 0 0 0 0 0 0 0 0 0 0 0 0 0 0 0 0 1 1 0 0 1 0 0 0 1 1 1 0 0 1 0 0 1 1 0 1 0 0 0 0 0 0 0 0 0 0 1 0 1 0 0 0 0 1 0 1 0 1 0 0 0 1 0 0 1 0 1 0 0 0 0 0 0 0 0 0 0 0 0 0 0 0 0 1 0 0 0 0 0 0 0 0 0 0 0 0 0 0 0 0 0 1 0 0 0 1 0 0 1 0 0 0 0 0 0 0 0 0 0 0 0 0 1 0 0 1 0 0 0 0 0 0 0 0 1 0 1 1 0 0 0 0 0 0 0 0 0 0 0 0 0 0 1 0 0 0 0 1 0 0 0 0 0 0 0 0 0 1 0 0 0 0 0 0 0 0 0 0 1 0 0 0 0 0 0 0 0 0 0 0 1 0 0 0 1 0 0 0 0 0 0 0 0 0 0 0 0 0 0 0 0 0 0 0 
0 0 2055 380 0 0 2379 320 0 0 118 470 0 0 0 0 0 0 641 2838 1994 1071 0 0 318 0 948 1155 9 0 0 0 293 0 1356 1632 0 0 2006 0 3013 0 0 1534 2529 5000 0 0 1418 334 0 2597 0 0 2940 0 2593 2795 167 0 0 0 0 1507 0 0 379 0 184 0 177 0 0 0 0 2959 0 0 2740 0 1362 0 0 1426 558 0 0 0 0 0 0 2925 326 0 0 200 0 11 0 0 
0 1 0 1 0 0 0 0 0 0 0 0 0 0 0 1 0 0 1 0 1 0 0 0 0 0 0 0 0 0 0 0 0 1 0 0 0 0 0 0 0 0 0 0 0 0 0 0 0 1 1 0 0 1 1 0 0 0 0 0 0 0 0 0 0 0 0 0 0 0 0 0 0 0 0 0 0 0 0 0 0 0 0 0 0 0 1 1 0 0 1 0 0 0 1 1 1 0 0 1 0 0 1 1 0 1 0 0 0 0 0 0 0 0 0 0 1 0 1 0 0 0 0 1 0 1 0 1 0 0 0 1 0 0 1 0 1 0 0 0 0 0 0 0 0 0 0 0 0 0 0 0 0 1 0 0 0 0 0 0 0 0 0 0 0 0 0 0 0 0 0 1 0 0 0 1 0 1 1 0 0 0 0 0 0 0 0 0 0 0 0 0 1 0 0 1 0 0 0 0 0 0 0 0 0 0 1 1 0 0 0 0 0 0 0 0 0 0 0 0 0 0 1 0 0 0 0 1 0 0 0 0 0 0 0 0 0 1 0 0 0 0 0 0 0 0 0 0 1 0 0 0 0 0 0 0 0 0 0 0 1 0 0 0 1 0 0 0 0 0 0 0 0 0 0 0 0 0 0 0 0 0 0 0 
0 726 2055 380 0 0 2379 320 0 0 18 470 0 0 0 0 0 0 408 2838 1994 0 0 0 318 0 948 1155 9 0 0 0 293 0 1222 1632 0 0 2006 0 2894 0 0 1534 2529 5000 0 0 1418 334 0 2597 0 0 2940 0 2593 2795 167 0 0 0 0 1507 0 0 379 0 184 0 563 0 0 0 0 2959 0 0 2740 0 1362 0 197 1426 558 0 0 0 0 0 15 2925 0 0 0 94 0 11 0 0 
0 1 0 1 0 1 0 1 0 0 0 0 0 0 0 0 0 0 1 0 1 0 0 0 0 0 0 0 0 0 0 0 0 1 0 0 0 0 0 0 0 0 0 0 0 0 0 0 0 1 1 0 0 1 1 0 0 0 0 0 0 0 0 0 0 0 0 0 0 0 0 0 0 0 0 0 0 0 0 0 0 0 0 0 0 0 1 1 0 0 1 0 0 0 1 1 1 0 0 1 0 0 1 1 0 1 0 0 0 0 0 0 0 0 0 0 1 0 1 0 0 0 0 1 0 1 0 1 0 0 0 1 0 0 1 0 1 0 0 0 0 0 0 0 0 0 0 0 0 0 0 0 0 1 0 0 0 0 0 0 0 0 0 0 0 0 0 0 0 0 0 1 0 0 0 1 0 1 1 0 0 0 0 0 0 0 0 0 0 0 0 0 1 0 0 1 0 0 0 0 0 0 0 0 0 0 1 1 0 0 0 0 0 0 0 0 0 0 0 0 0 0 1 0 0 0 0 1 0 0 0 0 0 0 0 0 0 1 0 0 0 0 0 0 0 0 0 0 1 0 0 0 0 0 0 0 0 0 0 0 0 0 0 0 1 0 0 0 0 0 0 0 0 0 0 0 0 0 0 0 0 0 0 0 
0 726 2055 380 0 0 2379 320 0 0 18 470 0 0 0 0 0 0 408 2838 1994 0 0 0 194 0 948 1155 9 0 0 0 351 0 1222 1632 0 0 2006 0 2894 0 0 1534 2529 4963 0 0 1418 0 0 2597 0 0 2940 0 2593 2795 167 0 0 0 0 1507 557 0 379 0 184 296 563 0 0 0 0 2959 0 0 2740 0 1362 0 0 1426 0 0 0 0 0 0 0 2925 0 0 0 94 0 11 0 0 
0 1 0 1 0 1 0 1 0 0 0 0 0 0 0 0 0 0 1 0 1 0 0 0 0 0 0 0 0 0 0 0 0 1 0 0 0 0 0 0 0 0 0 0 0 0 0 0 0 1 1 0 0 1 1 0 0 0 0 0 0 0 0 0 0 0 0 0 0 0 0 0 0 0 0 0 0 0 0 0 0 0 0 0 0 0 1 1 0 0 0 0 0 0 1 1 1 0 0 1 0 0 1 1 0 1 0 0 0 0 0 0 0 0 0 0 1 0 1 0 0 0 0 1 0 1 0 1 0 0 0 0 0 0 1 0 1 0 0 0 0 0 0 0 0 0 0 0 0 0 0 0 1 1 0 0 0 0 0 0 0 0 0 0 0 0 0 0 0 0 0 1 0 0 0 1 0 0 1 0 0 0 0 0 0 0 0 0 0 0 0 0 1 0 0 1 0 0 0 0 0 0 0 0 0 0 1 1 0 0 0 0 0 0 0 0 0 0 0 0 0 0 1 0 0 0 0 1 0 0 0 0 0 0 0 0 0 1 1 1 0 0 0 0 0 0 0 0 1 0 0 0 0 0 0 0 0 0 0 0 0 0 0 0 1 0 0 0 0 0 0 0 0 0 0 0 0 0 0 0 0 0 0 0 
0 566 1803 380 0 0 2379 0 0 0 18 470 0 0 0 0 0 0 408 2838 1994 0 0 0 0 0 948 1155 68 0 0 0 351 0 1222 1632 0 0 2006 295 2894 0 0 1534 2529 4963 0 0 1418 0 0 2597 0 0 2940 0 2593 2795 167 0 0 124 0 1507 557 0 143 0 184 296 563 0 0 0 0 2959 0 0 2740 0 1362 0 0 1426 0 0 0 0 0 0 0 2925 0 0 0 94 0 11 0 0 
0 0 1 1 0 1 0 1 0 0 0 0 0 0 0 0 0 0 1 0 1 0 0 0 0 0 0 0 0 0 0 0 0 1 0 0 0 0 0 0 0 0 0 0 0 0 0 0 0 1 1 0 0 0 1 0 0 0 0 0 0 0 0 0 0 0 0 0 0 0 0 0 0 0 0 0 0 0 0 0 0 0 0 0 0 0 1 1 0 0 1 0 0 0 1 1 1 0 1 1 0 0 1 1 0 1 0 0 0 0 0 0 0 0 0 0 0 0 0 0 0 0 0 1 0 1 0 0 1 0 0 0 0 0 1 0 1 0 0 0 0 0 0 0 0 0 0 0 0 0 1 0 1 1 0 0 0 0 0 0 0 0 0 0 0 0 0 0 0 0 0 1 0 0 0 1 0 0 1 0 0 0 0 0 0 0 0 0 0 0 0 0 1 0 0 1 0 0 0 0 0 1 0 0 0 0 1 1 0 0 0 0 0 0 0 0 0 0 0 0 0 0 1 0 0 0 0 1 0 0 0 0 0 0 0 0 0 1 1 1 0 0 0 0 0 0 0 0 1 0 0 0 0 0 0 0 0 0 0 0 0 0 0 0 1 0 0 0 0 0 0 0 0 0 0 0 0 0 0 0 0 0 0 0 
0 566 1803 380 0 0 2379 0 0 0 18 470 0 0 0 0 0 0 408 2838 1994 0 0 0 0 0 948 1155 68 0 0 0 351 0 1222 1632 0 0 2006 295 2894 0 0 1534 2529 4963 0 0 1418 0 0 2597 0 0 2940 0 2593 2795 167 0 0 124 0 1507 557 0 143 0 184 296 563 0 0 0 0 2959 0 0 2740 0 1362 0 0 1426 0 0 0 0 0 0 0 2925 0 0 0 94 0 11 0 0 
0 0 1 1 0 1 0 1 0 0 0 0 0 0 0 0 0 0 1 0 1 0 0 0 0 0 0 0 0 0 0 0 0 1 0 0 0 0 0 0 0 0 0 0 0 0 0 0 0 1 1 0 0 0 1 0 0 0 0 0 0 0 0 0 0 0 0 0 0 0 0 0 0 0 0 0 0 0 0 0 0 0 0 0 0 0 1 1 0 0 1 0 0 0 1 1 1 0 1 1 0 0 1 1 0 1 0 0 0 0 0 0 0 0 0 0 0 0 0 0 0 0 0 1 0 1 0 0 1 0 0 0 0 0 1 0 1 0 0 0 0 0 0 0 0 0 0 0 0 0 1 0 1 1 0 0 0 0 0 0 0 0 0 0 0 0 0 0 0 0 0 1 0 0 0 1 0 0 1 0 0 0 0 0 0 0 0 0 0 0 0 0 1 0 0 1 0 0 0 0 0 1 0 0 0 0 1 1 0 0 0 0 0 0 0 0 0 0 0 0 0 0 1 0 0 0 0 1 0 0 0 0 0 0 0 0 0 1 1 1 0 0 0 0 0 0 0 0 1 0 0 0 0 0 0 0 0 0 0 0 0 0 0 0 1 0 0 0 0 0 0 0 0 0 0 0 0 0 0 0 0 0 0 0 
